_____18. 11. 2021_____
 comment:	Exmpl_3.2_CC-NC-NN_DMSO_meta
 nostates:	1
 nomarkers:	3
 dim:	3
 nodata:	72





+6.205775e+03	+4.787121e+03	+5.247532e+03
+6.218036e+03	+4.806883e+03	+5.205379e+03
+6.179147e+03	+4.842870e+03	+5.232030e+03
+5.660002e+03	+3.706991e+03	+5.514419e+03
+5.663096e+03	+3.681475e+03	+5.524678e+03
+5.652080e+03	+3.650690e+03	+5.519163e+03
+8.310565e+03	+5.962297e+03	+5.801652e+03
+8.316831e+03	+5.978339e+03	+5.823758e+03
+8.350192e+03	+6.017512e+03	+5.774042e+03
+8.042746e+03	+4.988822e+03	+5.691660e+03
+8.028527e+03	+4.979639e+03	+5.811618e+03
+8.042312e+03	+4.931542e+03	+5.731989e+03
+9.517778e+03	+3.573309e+03	+7.925032e+03
+9.540324e+03	+3.496391e+03	+7.935204e+03
+9.502931e+03	+3.477491e+03	+7.906027e+03
+9.929812e+03	+5.370509e+03	+7.342579e+03
+9.909320e+03	+5.348093e+03	+7.375872e+03
+9.867038e+03	+5.322234e+03	+7.365589e+03
+8.335288e+03	+5.238939e+03	+7.035035e+03
+8.304732e+03	+5.274382e+03	+7.109349e+03
+8.309095e+03	+5.330613e+03	+7.075167e+03
+8.006965e+03	+4.303988e+03	+7.420795e+03
+7.985847e+03	+4.256773e+03	+7.416282e+03
+7.995743e+03	+4.239573e+03	+7.399155e+03
+6.045421e+03	+6.549990e+03	+4.540613e+03
+6.061849e+03	+6.570126e+03	+4.535701e+03
+6.062818e+03	+6.605545e+03	+4.633225e+03
+6.053436e+03	+5.549436e+03	+4.356444e+03
+6.049914e+03	+5.496288e+03	+4.251492e+03
+5.994372e+03	+5.477237e+03	+4.319650e+03
+1.197397e+04	+5.652760e+03	+3.722204e+03
+1.199664e+04	+5.691220e+03	+3.675039e+03
+1.194846e+04	+5.716482e+03	+3.750588e+03
+1.164561e+04	+4.690533e+03	+3.542324e+03
+1.161612e+04	+4.665942e+03	+3.514284e+03
+1.156110e+04	+4.637364e+03	+3.620862e+03
+6.372722e+03	+3.089942e+03	+6.896206e+03
+6.330620e+03	+3.057821e+03	+6.925788e+03
+6.358273e+03	+3.005446e+03	+6.873035e+03
+6.513428e+03	+3.979031e+03	+7.223949e+03
+6.522032e+03	+3.996229e+03	+7.243238e+03
+6.535099e+03	+4.048085e+03	+7.165509e+03
+7.891356e+03	+7.539381e+03	+3.768366e+03
+7.895326e+03	+7.587965e+03	+3.784413e+03
+7.877986e+03	+7.618321e+03	+3.802619e+03
+8.104310e+03	+9.368438e+03	+3.662220e+03
+8.114407e+03	+9.401500e+03	+3.688284e+03
+8.131997e+03	+9.462466e+03	+3.673667e+03
+2.880477e+03	+6.285306e+03	+6.181254e+03
+2.879256e+03	+6.262934e+03	+6.104370e+03
+2.888348e+03	+6.196310e+03	+6.079893e+03
+3.094859e+03	+7.892247e+03	+6.481674e+03
+3.033269e+03	+7.879668e+03	+6.481221e+03
+3.058348e+03	+7.808764e+03	+6.493102e+03
+3.711812e+03	+8.672547e+03	+6.285228e+03
+3.733625e+03	+8.666257e+03	+6.275923e+03
+3.795972e+03	+8.679198e+03	+6.261139e+03
+3.238591e+03	+7.159034e+03	+6.207711e+03
+3.250628e+03	+7.157673e+03	+6.208152e+03
+3.334112e+03	+7.147344e+03	+6.199266e+03
+1.001952e+04	+3.855843e+03	+2.796843e+03
+1.007572e+04	+3.876223e+03	+2.813626e+03
+1.003799e+04	+3.918336e+03	+2.746013e+03
+9.578591e+03	+2.971173e+03	+3.343036e+03
+9.610478e+03	+2.910382e+03	+3.315205e+03
+9.616525e+03	+2.862891e+03	+3.303079e+03
+1.171906e+04	+6.704526e+03	+5.085569e+03
+1.173197e+04	+6.736677e+03	+5.065981e+03
+1.173159e+04	+6.709045e+03	+5.024909e+03
+1.179352e+04	+4.784394e+03	+5.576013e+03
+1.176501e+04	+4.821625e+03	+5.645488e+03
+1.178161e+04	+4.858702e+03	+5.582474e+03
+4.914528e+03	+6.594638e+03	+3.620781e+03
+4.933450e+03	+6.630539e+03	+3.544525e+03
+4.933654e+03	+6.656464e+03	+3.588412e+03
+5.014210e+03	+7.962252e+03	+3.943329e+03
+4.989980e+03	+7.950230e+03	+3.905133e+03
+4.958902e+03	+7.894430e+03	+4.020094e+03
+5.000854e+03	+7.665815e+03	+5.727215e+03
+5.011592e+03	+7.666654e+03	+5.717060e+03
+5.060851e+03	+7.695729e+03	+5.752771e+03
+4.613160e+03	+9.212132e+03	+5.317588e+03
+4.619740e+03	+9.263464e+03	+5.360207e+03
+4.621809e+03	+9.300708e+03	+5.363802e+03
+7.541767e+03	+1.009231e+04	+7.350956e+03
+7.459959e+03	+1.007492e+04	+7.365527e+03
+7.437280e+03	+1.009594e+04	+7.343498e+03
+8.472299e+03	+9.425997e+03	+7.653114e+03
+8.492834e+03	+9.412054e+03	+7.656303e+03
+8.512724e+03	+9.394914e+03	+7.682546e+03
+8.613624e+03	+7.184016e+03	+5.241211e+03
+8.596749e+03	+7.218010e+03	+5.216321e+03
+8.552803e+03	+7.225185e+03	+5.224713e+03
+9.598926e+03	+6.871540e+03	+5.220626e+03
+9.639379e+03	+6.899337e+03	+5.190971e+03
+9.695660e+03	+6.879289e+03	+5.219065e+03
+8.407774e+03	+6.873837e+03	+6.145686e+03
+8.442798e+03	+6.889453e+03	+6.163935e+03
+8.502939e+03	+6.895102e+03	+6.131770e+03
+7.514406e+03	+6.675599e+03	+6.076440e+03
+7.475692e+03	+6.661963e+03	+6.101050e+03
+7.439308e+03	+6.650382e+03	+6.036784e+03
+6.565185e+03	+5.718241e+03	+3.381966e+03
+6.514095e+03	+5.705744e+03	+3.437849e+03
+6.505054e+03	+5.772068e+03	+3.438629e+03
+7.668871e+03	+5.354582e+03	+3.148471e+03
+7.704490e+03	+5.354402e+03	+3.163082e+03
+7.715185e+03	+5.316164e+03	+3.139483e+03
+1.194339e+04	+1.233400e+04	+4.186168e+03
+1.199642e+04	+1.232934e+04	+4.154289e+03
+1.199533e+04	+1.228041e+04	+4.203783e+03
+1.062931e+04	+1.291616e+04	+4.208860e+03
+1.060505e+04	+1.294422e+04	+4.215015e+03
+1.054884e+04	+1.293421e+04	+4.218157e+03
+6.571636e+03	+7.433359e+03	+2.839416e+03
+6.608032e+03	+7.431135e+03	+2.872223e+03
+6.652872e+03	+7.421183e+03	+2.828225e+03
+5.161433e+03	+7.962581e+03	+3.164709e+03
+5.116951e+03	+7.925343e+03	+3.193676e+03
+5.081184e+03	+7.954400e+03	+3.219204e+03
+7.472723e+03	+4.746745e+03	+7.384223e+03
+7.519768e+03	+4.751406e+03	+7.390740e+03
+7.561141e+03	+4.768551e+03	+7.386001e+03
+6.003999e+03	+5.086216e+03	+7.098651e+03
+5.983989e+03	+5.104163e+03	+7.088913e+03
+5.945767e+03	+5.106446e+03	+7.063600e+03
+1.070519e+04	+6.646400e+03	+3.174295e+03
+1.076066e+04	+6.634331e+03	+3.150431e+03
+1.081038e+04	+6.632668e+03	+3.111297e+03
+9.353248e+03	+7.296019e+03	+3.420018e+03
+9.304030e+03	+7.313706e+03	+3.450774e+03
+9.274202e+03	+7.339368e+03	+3.404106e+03
+3.932634e+03	+3.660183e+03	+4.799568e+03
+3.905267e+03	+3.671158e+03	+4.783116e+03
+3.867552e+03	+3.686585e+03	+4.859782e+03
+5.142889e+03	+3.166220e+03	+4.395062e+03
+5.168874e+03	+3.125910e+03	+4.324801e+03
+5.169677e+03	+3.087228e+03	+4.312180e+03
+5.256730e+03	+3.649783e+03	+4.971453e+03
+5.228498e+03	+3.676172e+03	+4.986441e+03
+5.207724e+03	+3.686372e+03	+5.048313e+03
+6.458160e+03	+3.322947e+03	+4.723583e+03
+6.490662e+03	+3.293969e+03	+4.679017e+03
+6.538580e+03	+3.290280e+03	+4.713339e+03
+7.913371e+03	+9.926180e+03	+3.911502e+03
+7.963329e+03	+9.930319e+03	+3.886046e+03
+7.983072e+03	+9.979237e+03	+3.887606e+03
+6.973883e+03	+8.605519e+03	+4.152090e+03
+6.959486e+03	+8.568713e+03	+4.137635e+03
+6.958612e+03	+8.550715e+03	+4.158900e+03
+7.448008e+03	+7.140195e+03	+8.716776e+03
+7.403640e+03	+7.103165e+03	+8.741501e+03
+7.393289e+03	+7.083254e+03	+8.745854e+03
+8.167187e+03	+8.431361e+03	+8.621080e+03
+8.170963e+03	+8.459538e+03	+8.614675e+03
+8.195606e+03	+8.545887e+03	+8.609720e+03
+8.596798e+03	+8.396548e+03	+4.341775e+03
+8.568417e+03	+8.427993e+03	+4.380071e+03
+8.529139e+03	+8.381301e+03	+4.358292e+03
+9.556034e+03	+9.328083e+03	+4.477071e+03
+9.563598e+03	+9.352137e+03	+4.478277e+03
+9.572797e+03	+9.360927e+03	+4.497756e+03
+1.043424e+04	+4.662691e+03	+5.628261e+03
+1.046045e+04	+4.708771e+03	+5.620240e+03
+1.048238e+04	+4.747945e+03	+5.624922e+03
+9.455551e+03	+3.696034e+03	+5.845105e+03
+9.437091e+03	+3.669832e+03	+5.852745e+03
+9.367316e+03	+3.674554e+03	+5.943269e+03
+7.052932e+03	+8.726901e+03	+9.016677e+03
+7.028704e+03	+8.682310e+03	+8.979899e+03
+7.030377e+03	+8.647504e+03	+9.015604e+03
+7.609063e+03	+9.656287e+03	+8.678638e+03
+7.586176e+03	+9.697881e+03	+8.656470e+03
+7.609374e+03	+9.716883e+03	+8.661955e+03
+4.730338e+03	+1.108633e+04	+4.640447e+03
+4.711446e+03	+1.106098e+04	+4.700702e+03
+4.714358e+03	+1.100190e+04	+4.654560e+03
+5.702536e+03	+1.197936e+04	+4.604756e+03
+5.758589e+03	+1.195851e+04	+4.678702e+03
+5.786961e+03	+1.195093e+04	+4.594091e+03
+5.155210e+03	+1.201111e+04	+7.620866e+03
+5.144864e+03	+1.198598e+04	+7.668361e+03
+5.145241e+03	+1.193812e+04	+7.673084e+03
+6.184783e+03	+1.304614e+04	+7.462033e+03
+6.233904e+03	+1.305027e+04	+7.420513e+03
+6.304727e+03	+1.305125e+04	+7.360046e+03
+9.791519e+03	+3.360135e+03	+7.263503e+03
+9.757960e+03	+3.318041e+03	+7.218094e+03
+9.709085e+03	+3.304749e+03	+7.221436e+03
+1.076818e+04	+4.198229e+03	+7.536067e+03
+1.079293e+04	+4.217848e+03	+7.546376e+03
+1.081167e+04	+4.271763e+03	+7.577364e+03
+7.355721e+03	+9.878415e+03	+5.327268e+03
+7.337546e+03	+9.844552e+03	+5.322573e+03
+7.318174e+03	+9.806643e+03	+5.323459e+03
+8.251458e+03	+1.068602e+04	+4.941090e+03
+8.272438e+03	+1.072038e+04	+4.934610e+03
+8.303907e+03	+1.077814e+04	+4.931215e+03
+7.250753e+03	+8.816679e+03	+6.293076e+03
+7.211583e+03	+8.822849e+03	+6.277611e+03
+7.178734e+03	+8.786105e+03	+6.298985e+03
+8.302736e+03	+9.393937e+03	+5.999718e+03
+8.347604e+03	+9.412498e+03	+5.955079e+03
+8.349253e+03	+9.457083e+03	+6.002908e+03
+1.276666e+04	+6.900410e+03	+8.207893e+03
+1.280709e+04	+6.938018e+03	+8.170343e+03
+1.276321e+04	+6.972441e+03	+8.222361e+03
+1.217632e+04	+5.792092e+03	+7.727490e+03
+1.213775e+04	+5.763461e+03	+7.664179e+03
+1.212365e+04	+5.726644e+03	+7.685834e+03
+8.249052e+03	+6.286298e+03	+5.332795e+03
+8.193059e+03	+6.285241e+03	+5.372673e+03
+8.214277e+03	+6.216214e+03	+5.291094e+03
+8.873106e+03	+7.220079e+03	+5.176982e+03
+8.916806e+03	+7.245758e+03	+5.245582e+03
+8.920235e+03	+7.274850e+03	+5.182642e+03
