_____10. 11. 2021_____
 comment:	Exmpl_4.3_Nnf1-NC-NN_DMSO_meta_2st
 nostates:	2
 nomarkers:	3
 dim:	3
 nodata:	570





+6.509191e+03	+7.826063e+03	+2.374558e+03
+6.493484e+03	+7.800961e+03	+2.364990e+03
+6.462822e+03	+7.757666e+03	+2.379456e+03
+7.808410e+03	+8.164120e+03	+2.237286e+03
+7.828099e+03	+8.161892e+03	+2.303719e+03
+7.844093e+03	+8.195320e+03	+2.295822e+03
+5.895113e+03	+1.201242e+04	+7.933571e+03
+5.862345e+03	+1.201510e+04	+7.967104e+03
+5.835828e+03	+1.196229e+04	+7.925437e+03
+7.130402e+03	+1.271472e+04	+8.320862e+03
+7.136289e+03	+1.274224e+04	+8.325708e+03
+7.168015e+03	+1.271652e+04	+8.335679e+03
+5.981550e+03	+6.846647e+03	+9.653499e+03
+5.940851e+03	+6.836612e+03	+9.663461e+03
+5.918828e+03	+6.875236e+03	+9.696725e+03
+8.149082e+03	+7.414427e+03	+9.184967e+03
+8.173823e+03	+7.389038e+03	+9.215436e+03
+8.188708e+03	+7.420398e+03	+9.160135e+03
+6.988084e+03	+7.380648e+03	+7.330072e+03
+6.969037e+03	+7.343278e+03	+7.238423e+03
+6.932590e+03	+7.370089e+03	+7.258884e+03
+8.560561e+03	+7.370110e+03	+7.464098e+03
+8.583750e+03	+7.381062e+03	+7.479597e+03
+8.614809e+03	+7.429481e+03	+7.471454e+03
+7.331376e+03	+8.646372e+03	+6.045645e+03
+7.302722e+03	+8.663800e+03	+6.040628e+03
+7.277011e+03	+8.610194e+03	+6.028016e+03
+8.994375e+03	+9.408594e+03	+6.183224e+03
+9.017600e+03	+9.409022e+03	+6.177278e+03
+9.051288e+03	+9.435469e+03	+6.156682e+03
+5.058602e+03	+1.379907e+04	+6.892329e+03
+5.065454e+03	+1.380770e+04	+6.916698e+03
+5.117123e+03	+1.378802e+04	+6.953437e+03
+3.416330e+03	+1.275064e+04	+6.441542e+03
+3.363973e+03	+1.274255e+04	+6.421664e+03
+3.347734e+03	+1.271945e+04	+6.395031e+03
+7.917094e+03	+6.660688e+03	+9.100422e+03
+7.926235e+03	+6.648186e+03	+9.130875e+03
+7.973768e+03	+6.675763e+03	+9.077212e+03
+6.539849e+03	+6.400882e+03	+9.606807e+03
+6.522165e+03	+6.375345e+03	+9.631924e+03
+6.458705e+03	+6.402188e+03	+9.594934e+03
+7.709936e+03	+8.080502e+03	+9.259913e+03
+7.712271e+03	+8.083033e+03	+9.292943e+03
+7.670295e+03	+8.074494e+03	+9.246396e+03
+9.136339e+03	+8.568638e+03	+9.150627e+03
+9.147284e+03	+8.570291e+03	+9.156244e+03
+9.188596e+03	+8.586229e+03	+9.122930e+03
+4.426512e+03	+1.342108e+04	+5.577787e+03
+4.400680e+03	+1.340348e+04	+5.595283e+03
+4.371265e+03	+1.341077e+04	+5.611696e+03
+6.231456e+03	+1.385327e+04	+5.689419e+03
+6.247318e+03	+1.385647e+04	+5.709917e+03
+6.311434e+03	+1.384786e+04	+5.742915e+03
+5.660644e+03	+8.870259e+03	+8.394272e+03
+5.653727e+03	+8.839215e+03	+8.390640e+03
+5.620117e+03	+8.820523e+03	+8.417784e+03
+7.052267e+03	+9.434447e+03	+8.468914e+03
+7.050956e+03	+9.470279e+03	+8.480310e+03
+7.092780e+03	+9.476898e+03	+8.451465e+03
+8.335797e+03	+8.743197e+03	+7.875336e+03
+8.344137e+03	+8.765798e+03	+7.861330e+03
+8.375927e+03	+8.789664e+03	+7.895802e+03
+6.877628e+03	+8.104801e+03	+7.117910e+03
+6.882775e+03	+8.106140e+03	+7.031898e+03
+6.900547e+03	+8.098571e+03	+6.969947e+03
+8.114087e+03	+5.400343e+03	+3.971119e+03
+8.084538e+03	+5.413447e+03	+3.934520e+03
+8.055064e+03	+5.402633e+03	+4.048924e+03
+9.628202e+03	+6.237880e+03	+3.892509e+03
+9.647642e+03	+6.238905e+03	+3.892280e+03
+9.683462e+03	+6.305788e+03	+3.885394e+03
+3.856116e+03	+9.911107e+03	+4.711251e+03
+3.851313e+03	+9.905130e+03	+4.678404e+03
+3.824580e+03	+9.871479e+03	+4.673744e+03
+5.055028e+03	+1.035763e+04	+4.340179e+03
+5.078373e+03	+1.035448e+04	+4.313642e+03
+5.123248e+03	+1.039073e+04	+4.338822e+03
+7.268432e+03	+4.770755e+03	+5.684127e+03
+7.310220e+03	+4.771916e+03	+5.670427e+03
+7.333505e+03	+4.790375e+03	+5.713648e+03
+5.658081e+03	+4.531021e+03	+5.384736e+03
+5.647175e+03	+4.557276e+03	+5.379718e+03
+5.600736e+03	+4.528188e+03	+5.428674e+03
+7.716441e+03	+9.431535e+03	+4.249637e+03
+7.761210e+03	+9.451085e+03	+4.229556e+03
+7.793629e+03	+9.444368e+03	+4.242119e+03
+6.598140e+03	+8.763113e+03	+4.512289e+03
+6.589672e+03	+8.758081e+03	+4.515101e+03
+6.546674e+03	+8.748888e+03	+4.517404e+03
+4.662280e+03	+5.777359e+03	+2.559991e+03
+4.662884e+03	+5.791259e+03	+2.584351e+03
+4.632871e+03	+5.778900e+03	+2.544844e+03
+5.851194e+03	+5.732255e+03	+3.152047e+03
+5.833093e+03	+5.695095e+03	+3.120359e+03
+5.793107e+03	+5.718481e+03	+3.177737e+03
+5.622385e+03	+5.246029e+03	+9.558407e+03
+5.602734e+03	+5.222937e+03	+9.591794e+03
+5.572789e+03	+5.234947e+03	+9.538919e+03
+7.573411e+03	+5.466991e+03	+9.681870e+03
+7.587271e+03	+5.499852e+03	+9.629364e+03
+7.626440e+03	+5.505376e+03	+9.660186e+03
+6.510618e+03	+1.106229e+04	+3.732019e+03
+6.519363e+03	+1.107175e+04	+3.662366e+03
+6.439582e+03	+1.103459e+04	+3.621104e+03
+8.159817e+03	+1.171069e+04	+4.165056e+03
+8.199705e+03	+1.173228e+04	+4.134603e+03
+8.208018e+03	+1.174570e+04	+4.236099e+03
+5.766189e+03	+1.083056e+04	+8.358598e+03
+5.791457e+03	+1.083387e+04	+8.378002e+03
+5.832215e+03	+1.086962e+04	+8.390620e+03
+4.121474e+03	+9.967449e+03	+7.917482e+03
+4.096302e+03	+9.999521e+03	+7.953125e+03
+4.063174e+03	+9.950185e+03	+7.882007e+03
+4.673313e+03	+1.331088e+04	+8.541513e+03
+4.659587e+03	+1.328530e+04	+8.605452e+03
+4.635702e+03	+1.324373e+04	+8.538819e+03
+6.383166e+03	+1.388957e+04	+8.550373e+03
+6.393741e+03	+1.391200e+04	+8.544773e+03
+6.461686e+03	+1.386563e+04	+8.496774e+03
+7.042369e+03	+9.063661e+03	+9.603670e+03
+7.024547e+03	+9.062736e+03	+9.618099e+03
+7.005399e+03	+9.039825e+03	+9.659544e+03
+8.829903e+03	+9.799182e+03	+9.128127e+03
+8.843749e+03	+9.786172e+03	+9.127893e+03
+8.876604e+03	+9.781195e+03	+9.064960e+03
+8.815039e+03	+4.877659e+03	+5.415647e+03
+8.839575e+03	+4.888300e+03	+5.415575e+03
+8.858946e+03	+4.911176e+03	+5.455368e+03
+6.634676e+03	+3.943491e+03	+5.112359e+03
+6.604737e+03	+3.925085e+03	+5.105197e+03
+6.561041e+03	+3.925359e+03	+5.146779e+03
+6.574832e+03	+5.361861e+03	+6.990108e+03
+6.590664e+03	+5.362875e+03	+7.000105e+03
+6.632558e+03	+5.363261e+03	+7.052713e+03
+4.723680e+03	+4.971521e+03	+7.063435e+03
+4.704944e+03	+4.955583e+03	+7.098835e+03
+4.666159e+03	+4.972912e+03	+7.076569e+03
+6.852584e+03	+7.269282e+03	+6.413561e+03
+6.828025e+03	+7.206442e+03	+6.346071e+03
+6.828970e+03	+7.177266e+03	+6.363754e+03
+7.583552e+03	+8.652738e+03	+7.028791e+03
+7.559211e+03	+8.677318e+03	+6.967978e+03
+7.563768e+03	+8.716261e+03	+6.947426e+03
+5.667625e+03	+5.253741e+03	+2.597122e+03
+5.641385e+03	+5.234978e+03	+2.555071e+03
+5.642942e+03	+5.232410e+03	+2.615995e+03
+6.657789e+03	+6.825479e+03	+2.641792e+03
+6.665160e+03	+6.836432e+03	+2.574122e+03
+6.662270e+03	+6.862779e+03	+2.750379e+03
+1.015317e+04	+5.149566e+03	+4.596826e+03
+1.016563e+04	+5.192938e+03	+4.606812e+03
+1.011959e+04	+5.220217e+03	+4.609593e+03
+9.806062e+03	+4.051835e+03	+4.975333e+03
+9.800969e+03	+4.007041e+03	+4.936727e+03
+9.760907e+03	+4.031475e+03	+5.010082e+03
+1.014912e+04	+4.676929e+03	+8.592321e+03
+1.016115e+04	+4.646463e+03	+8.643835e+03
+1.011723e+04	+4.634170e+03	+8.633565e+03
+1.087542e+04	+6.136950e+03	+7.713040e+03
+1.090244e+04	+6.158149e+03	+7.715207e+03
+1.090298e+04	+6.196423e+03	+7.636357e+03
+8.027237e+03	+4.139959e+03	+7.113838e+03
+7.984340e+03	+4.130274e+03	+7.150361e+03
+7.947220e+03	+4.122560e+03	+7.136656e+03
+9.110638e+03	+5.201402e+03	+6.451645e+03
+9.140019e+03	+5.209703e+03	+6.457926e+03
+9.178810e+03	+5.232933e+03	+6.410082e+03
+2.995945e+03	+6.099191e+03	+9.002527e+03
+2.998771e+03	+6.084099e+03	+9.067392e+03
+2.983977e+03	+6.041031e+03	+9.038454e+03
+3.682812e+03	+7.742335e+03	+9.046583e+03
+3.716380e+03	+7.752660e+03	+9.080209e+03
+3.774789e+03	+7.797280e+03	+9.019794e+03
+3.974121e+03	+8.562524e+03	+3.720089e+03
+3.989772e+03	+8.607000e+03	+3.675947e+03
+4.043323e+03	+8.628445e+03	+3.715665e+03
+3.052302e+03	+7.158671e+03	+4.156366e+03
+3.046523e+03	+7.145576e+03	+4.109425e+03
+3.080874e+03	+7.075166e+03	+4.145800e+03
+4.367653e+03	+6.482164e+03	+9.805345e+03
+4.352400e+03	+6.451203e+03	+9.788258e+03
+4.347397e+03	+6.408320e+03	+9.796816e+03
+4.991782e+03	+7.502681e+03	+9.244323e+03
+4.992885e+03	+7.503439e+03	+9.251368e+03
+5.032814e+03	+7.560640e+03	+9.188003e+03
+1.039857e+04	+8.029022e+03	+9.059225e+03
+1.038934e+04	+8.058613e+03	+9.062676e+03
+1.037248e+04	+8.095197e+03	+9.018907e+03
+9.630052e+03	+6.665413e+03	+9.817870e+03
+9.590982e+03	+6.675454e+03	+9.871725e+03
+9.566133e+03	+6.649316e+03	+9.841850e+03
+5.406896e+03	+5.945827e+03	+3.684981e+03
+5.396166e+03	+5.939536e+03	+3.714002e+03
+5.384555e+03	+5.885707e+03	+3.721431e+03
+5.867976e+03	+7.166994e+03	+3.386834e+03
+5.899245e+03	+7.188510e+03	+3.340221e+03
+5.932124e+03	+7.200504e+03	+3.388894e+03
+2.651886e+03	+8.463957e+03	+7.562830e+03
+2.635204e+03	+8.452596e+03	+7.599555e+03
+2.629345e+03	+8.423706e+03	+7.611042e+03
+3.656531e+03	+9.296618e+03	+7.029680e+03
+3.692498e+03	+9.320904e+03	+7.102815e+03
+3.713459e+03	+9.304285e+03	+6.986565e+03
+8.863449e+03	+9.048779e+03	+9.831390e+03
+8.897852e+03	+9.058815e+03	+9.845850e+03
+8.879536e+03	+9.091707e+03	+9.808097e+03
+8.222966e+03	+7.912766e+03	+1.037127e+04
+8.199787e+03	+7.896681e+03	+1.038003e+04
+8.180639e+03	+7.847026e+03	+1.044837e+04
+4.387992e+03	+8.909796e+03	+8.796694e+03
+4.372374e+03	+8.897844e+03	+8.786241e+03
+4.345793e+03	+8.864649e+03	+8.855884e+03
+5.755473e+03	+9.467748e+03	+8.825353e+03
+5.772650e+03	+9.484819e+03	+8.829148e+03
+5.822586e+03	+9.491352e+03	+8.835560e+03
+5.770740e+03	+7.233421e+03	+4.328355e+03
+5.767918e+03	+7.182432e+03	+4.257832e+03
+5.725282e+03	+7.179509e+03	+4.315577e+03
+6.764996e+03	+7.789557e+03	+4.326108e+03
+6.784954e+03	+7.786499e+03	+4.345168e+03
+6.810836e+03	+7.827937e+03	+4.304543e+03
+3.746785e+03	+8.508275e+03	+9.744427e+03
+3.753054e+03	+8.490430e+03	+9.801758e+03
+3.721930e+03	+8.464273e+03	+9.730029e+03
+4.749288e+03	+9.476271e+03	+9.785442e+03
+4.757256e+03	+9.486170e+03	+9.824707e+03
+4.819603e+03	+9.513642e+03	+9.770585e+03
+4.625228e+03	+7.486608e+03	+1.050903e+04
+4.597709e+03	+7.489345e+03	+1.054504e+04
+4.555563e+03	+7.484345e+03	+1.059444e+04
+5.648704e+03	+8.280681e+03	+1.033486e+04
+5.663367e+03	+8.285669e+03	+1.033695e+04
+5.721162e+03	+8.296206e+03	+1.033520e+04
+8.399697e+03	+5.386366e+03	+3.822000e+03
+8.399881e+03	+5.367564e+03	+3.759621e+03
+8.360377e+03	+5.376168e+03	+3.783350e+03
+9.513003e+03	+5.724350e+03	+3.971075e+03
+9.531469e+03	+5.760653e+03	+3.899728e+03
+9.555831e+03	+5.755010e+03	+3.929493e+03
+4.516223e+03	+1.048054e+04	+4.825154e+03
+4.450946e+03	+1.055124e+04	+4.773057e+03
+4.445517e+03	+1.045756e+04	+4.740014e+03
+5.572476e+03	+1.103866e+04	+5.335024e+03
+5.584295e+03	+1.103932e+04	+5.325564e+03
+5.612816e+03	+1.104163e+04	+5.378362e+03
+4.452951e+03	+1.049008e+04	+6.897366e+03
+4.480422e+03	+1.051463e+04	+6.918329e+03
+4.522239e+03	+1.048224e+04	+6.874697e+03
+3.323516e+03	+9.872369e+03	+7.055375e+03
+3.265298e+03	+9.848192e+03	+7.043284e+03
+3.294037e+03	+9.799075e+03	+7.009344e+03
+9.712723e+03	+5.223885e+03	+5.048449e+03
+9.718091e+03	+5.174579e+03	+5.058142e+03
+9.661933e+03	+5.151808e+03	+5.011377e+03
+1.119099e+04	+5.820937e+03	+5.332154e+03
+1.121821e+04	+5.830948e+03	+5.331328e+03
+1.123936e+04	+5.834367e+03	+5.328639e+03
+2.892056e+03	+9.112925e+03	+8.202511e+03
+2.892265e+03	+9.087365e+03	+8.185893e+03
+2.865305e+03	+9.062169e+03	+8.195087e+03
+3.800245e+03	+1.007663e+04	+8.310384e+03
+3.818604e+03	+1.005423e+04	+8.370368e+03
+3.850792e+03	+1.005975e+04	+8.334252e+03
+9.195635e+03	+5.077966e+03	+8.367482e+03
+9.225148e+03	+5.053332e+03	+8.384835e+03
+9.247510e+03	+5.108144e+03	+8.337338e+03
+7.539551e+03	+4.453341e+03	+8.722338e+03
+7.489210e+03	+4.440943e+03	+8.739712e+03
+7.473647e+03	+4.382618e+03	+8.718904e+03
+6.659500e+03	+6.766931e+03	+7.303170e+03
+6.676191e+03	+6.776436e+03	+7.344342e+03
+6.705794e+03	+6.796939e+03	+7.309489e+03
+5.644503e+03	+6.239407e+03	+7.559105e+03
+5.615156e+03	+6.261830e+03	+7.552664e+03
+5.568476e+03	+6.271273e+03	+7.581783e+03
+6.993196e+03	+6.711623e+03	+8.700639e+03
+6.979081e+03	+6.708693e+03	+8.785348e+03
+6.968682e+03	+6.704476e+03	+8.764733e+03
+8.134656e+03	+7.175230e+03	+8.541416e+03
+8.147754e+03	+7.221298e+03	+8.563289e+03
+8.178612e+03	+7.215122e+03	+8.464484e+03
+4.686949e+03	+9.444805e+03	+5.921394e+03
+4.715380e+03	+9.424623e+03	+5.896344e+03
+4.751743e+03	+9.456361e+03	+6.031910e+03
+3.397414e+03	+8.597131e+03	+5.501766e+03
+3.352347e+03	+8.639047e+03	+5.502744e+03
+3.319361e+03	+8.587066e+03	+5.474807e+03
+7.642693e+03	+5.500228e+03	+6.487839e+03
+7.616032e+03	+5.473465e+03	+6.433139e+03
+7.530374e+03	+5.504398e+03	+6.476910e+03
+8.680892e+03	+5.629811e+03	+6.427416e+03
+8.683886e+03	+5.660044e+03	+6.395411e+03
+8.733063e+03	+5.659020e+03	+6.381931e+03
+1.001800e+04	+3.697223e+03	+3.646039e+03
+1.001987e+04	+3.685435e+03	+3.661129e+03
+9.986672e+03	+3.670238e+03	+3.685970e+03
+1.134515e+04	+4.812477e+03	+3.624866e+03
+1.136881e+04	+4.813516e+03	+3.578676e+03
+1.138763e+04	+4.861842e+03	+3.625462e+03
+1.039105e+04	+3.516289e+03	+5.140693e+03
+1.039017e+04	+3.479229e+03	+5.058492e+03
+1.035121e+04	+3.515748e+03	+5.144668e+03
+1.178230e+04	+4.624922e+03	+5.213995e+03
+1.179978e+04	+4.648051e+03	+5.245637e+03
+1.180443e+04	+4.685763e+03	+5.277121e+03
+5.768852e+03	+8.158662e+03	+7.596405e+03
+5.776891e+03	+8.164663e+03	+7.621878e+03
+5.833672e+03	+8.179402e+03	+7.565157e+03
+4.904851e+03	+7.661269e+03	+7.974965e+03
+4.876753e+03	+7.645551e+03	+8.014354e+03
+4.846078e+03	+7.641559e+03	+8.008343e+03
+6.700518e+03	+8.055417e+03	+1.122390e+04
+6.671002e+03	+8.068112e+03	+1.131358e+04
+6.633169e+03	+8.066027e+03	+1.123465e+04
+8.047457e+03	+8.192780e+03	+1.071240e+04
+8.049536e+03	+8.223242e+03	+1.064359e+04
+8.086295e+03	+8.213420e+03	+1.072713e+04
+7.960344e+03	+7.652467e+03	+2.784531e+03
+7.942162e+03	+7.613365e+03	+2.820530e+03
+7.900440e+03	+7.636295e+03	+2.762510e+03
+9.052512e+03	+7.959297e+03	+3.432942e+03
+9.093704e+03	+8.014072e+03	+3.381966e+03
+9.086503e+03	+8.037316e+03	+3.532473e+03
+7.985977e+03	+6.706213e+03	+5.767688e+03
+8.005203e+03	+6.636373e+03	+5.720216e+03
+7.990141e+03	+6.636498e+03	+5.733483e+03
+9.960976e+03	+7.469553e+03	+5.890797e+03
+9.993225e+03	+7.498887e+03	+5.941522e+03
+1.000160e+04	+7.510917e+03	+5.825873e+03
+4.692149e+03	+4.557127e+03	+5.123627e+03
+4.697546e+03	+4.538001e+03	+5.113746e+03
+4.710112e+03	+4.494467e+03	+5.148045e+03
+3.880348e+03	+5.739641e+03	+5.232704e+03
+3.872349e+03	+5.759140e+03	+5.255913e+03
+3.872117e+03	+5.805550e+03	+5.260001e+03
+2.493450e+03	+6.031187e+03	+6.672137e+03
+2.462001e+03	+6.076614e+03	+6.658581e+03
+2.501444e+03	+6.105549e+03	+6.703539e+03
+2.879729e+03	+4.778458e+03	+7.252033e+03
+2.903642e+03	+4.769125e+03	+7.222263e+03
+2.901470e+03	+4.717990e+03	+7.241742e+03
+1.373576e+04	+5.684051e+03	+6.133057e+03
+1.373225e+04	+5.660127e+03	+6.100703e+03
+1.369877e+04	+5.625186e+03	+6.147571e+03
+1.358220e+04	+7.444409e+03	+5.737857e+03
+1.358520e+04	+7.457190e+03	+5.760153e+03
+1.356500e+04	+7.509482e+03	+5.722424e+03
+6.802007e+03	+5.413922e+03	+6.423111e+03
+6.805042e+03	+5.443532e+03	+6.342932e+03
+6.782349e+03	+5.463969e+03	+6.484743e+03
+7.245338e+03	+4.342730e+03	+6.386276e+03
+7.241776e+03	+4.315154e+03	+6.363810e+03
+7.213012e+03	+4.267532e+03	+6.342389e+03
+5.742068e+03	+5.997259e+03	+6.990128e+03
+5.742398e+03	+6.011267e+03	+6.978474e+03
+5.721527e+03	+6.064609e+03	+6.995099e+03
+6.097057e+03	+4.498676e+03	+6.996125e+03
+6.087166e+03	+4.466605e+03	+7.019439e+03
+6.163266e+03	+4.514213e+03	+7.008808e+03
+5.461274e+03	+5.715366e+03	+8.372300e+03
+5.488139e+03	+5.683795e+03	+8.456342e+03
+5.492818e+03	+5.638866e+03	+8.397566e+03
+4.901234e+03	+7.154606e+03	+8.165787e+03
+4.842166e+03	+7.167173e+03	+8.169667e+03
+4.905445e+03	+7.224011e+03	+8.180532e+03
+5.870222e+03	+5.509050e+03	+9.057381e+03
+5.898404e+03	+5.494710e+03	+9.113020e+03
+5.924896e+03	+5.455045e+03	+9.064356e+03
+5.461252e+03	+6.952290e+03	+8.947382e+03
+5.475236e+03	+7.005252e+03	+8.995012e+03
+5.416365e+03	+6.994334e+03	+8.919029e+03
+9.122799e+03	+8.663928e+03	+6.083085e+03
+9.102840e+03	+8.682354e+03	+6.054867e+03
+9.095241e+03	+8.704912e+03	+6.054712e+03
+9.567779e+03	+7.397491e+03	+5.585151e+03
+9.576021e+03	+7.364294e+03	+5.560099e+03
+9.544155e+03	+7.319415e+03	+5.549700e+03
+4.147182e+03	+5.432871e+03	+6.605098e+03
+4.118952e+03	+5.463006e+03	+6.610206e+03
+4.133202e+03	+5.490817e+03	+6.610685e+03
+4.388172e+03	+4.076795e+03	+6.636667e+03
+4.371217e+03	+4.057715e+03	+6.648140e+03
+4.396027e+03	+4.012055e+03	+6.600066e+03
+1.087819e+04	+6.981759e+03	+8.709279e+03
+1.088175e+04	+6.993196e+03	+8.719982e+03
+1.086136e+04	+7.028491e+03	+8.710790e+03
+1.115727e+04	+5.159119e+03	+8.663959e+03
+1.116306e+04	+5.144908e+03	+8.622226e+03
+1.114362e+04	+5.121919e+03	+8.595552e+03
+1.269638e+04	+5.782262e+03	+5.814585e+03
+1.273355e+04	+5.749741e+03	+5.816137e+03
+1.274679e+04	+5.685799e+03	+5.827088e+03
+1.278257e+04	+7.505369e+03	+5.617583e+03
+1.280374e+04	+7.515464e+03	+5.623601e+03
+1.279547e+04	+7.574151e+03	+5.640875e+03
+6.271649e+03	+1.007499e+04	+5.529489e+03
+6.236481e+03	+1.006930e+04	+5.556639e+03
+6.194538e+03	+1.011388e+04	+5.571020e+03
+7.483925e+03	+9.631180e+03	+5.317636e+03
+7.475504e+03	+9.615437e+03	+5.336963e+03
+7.533543e+03	+9.627310e+03	+5.375630e+03
+5.447643e+03	+4.670505e+03	+1.250837e+03
+5.473971e+03	+4.637989e+03	+1.147130e+03
+5.507155e+03	+4.653419e+03	+1.214063e+03
+3.855465e+03	+5.414353e+03	+1.432931e+03
+3.860550e+03	+5.491264e+03	+1.421422e+03
+3.807388e+03	+5.485327e+03	+1.524022e+03
+3.227178e+03	+5.914138e+03	+2.670503e+03
+3.233657e+03	+5.954002e+03	+2.721701e+03
+3.211877e+03	+5.956392e+03	+2.678969e+03
+4.381203e+03	+5.305227e+03	+2.142878e+03
+4.349952e+03	+5.249904e+03	+2.147206e+03
+4.372498e+03	+5.256402e+03	+2.140987e+03
+9.338968e+03	+1.067179e+04	+5.297966e+03
+9.359028e+03	+1.068854e+04	+5.315844e+03
+9.312875e+03	+1.068772e+04	+5.314955e+03
+1.066473e+04	+9.684232e+03	+4.744408e+03
+1.066997e+04	+9.684266e+03	+4.733670e+03
+1.070167e+04	+9.686163e+03	+4.756879e+03
+6.549138e+03	+4.381500e+03	+7.579259e+03
+6.529998e+03	+4.374329e+03	+7.627641e+03
+6.492760e+03	+4.393898e+03	+7.587320e+03
+7.633552e+03	+3.355400e+03	+6.703264e+03
+7.643421e+03	+3.313784e+03	+6.685306e+03
+7.692394e+03	+3.340284e+03	+6.641756e+03
+6.485295e+03	+6.383741e+03	+3.283277e+03
+6.529557e+03	+6.373724e+03	+3.249408e+03
+6.565703e+03	+6.332570e+03	+3.217440e+03
+5.453954e+03	+6.989645e+03	+3.899471e+03
+5.439042e+03	+7.006963e+03	+3.875309e+03
+5.403371e+03	+7.015782e+03	+3.825521e+03
+1.022916e+04	+8.701362e+03	+2.989567e+03
+1.026113e+04	+8.727386e+03	+3.001906e+03
+1.029677e+04	+8.685703e+03	+2.971030e+03
+9.015469e+03	+9.716080e+03	+3.304764e+03
+9.035348e+03	+9.746161e+03	+3.312776e+03
+8.967033e+03	+9.749773e+03	+3.338524e+03
+9.488705e+03	+1.302468e+04	+3.169533e+03
+9.453629e+03	+1.303374e+04	+3.204556e+03
+9.428566e+03	+1.299519e+04	+3.206745e+03
+1.051047e+04	+1.225405e+04	+2.619265e+03
+1.054308e+04	+1.224593e+04	+2.594603e+03
+1.058048e+04	+1.222021e+04	+2.570150e+03
+5.753726e+03	+4.252980e+03	+6.209709e+03
+5.728435e+03	+4.251511e+03	+6.212634e+03
+5.669211e+03	+4.275293e+03	+6.101278e+03
+7.296256e+03	+3.247549e+03	+5.354964e+03
+7.307805e+03	+3.221089e+03	+5.374169e+03
+7.354703e+03	+3.233533e+03	+5.387436e+03
+6.095132e+03	+1.054073e+04	+2.109914e+03
+6.074973e+03	+1.053213e+04	+2.129495e+03
+6.055042e+03	+1.055486e+04	+2.220037e+03
+7.102738e+03	+9.716274e+03	+1.593889e+03
+7.090146e+03	+9.704885e+03	+1.540579e+03
+7.133316e+03	+9.666096e+03	+1.599703e+03
+5.832895e+03	+1.047288e+04	+3.798846e+03
+5.812898e+03	+1.050051e+04	+3.842485e+03
+5.768353e+03	+1.051349e+04	+3.858538e+03
+6.881615e+03	+9.828141e+03	+3.385548e+03
+6.909797e+03	+9.822120e+03	+3.395022e+03
+6.912424e+03	+9.788165e+03	+3.351453e+03
+6.403260e+03	+5.199576e+03	+3.877760e+03
+6.408724e+03	+5.175312e+03	+3.861820e+03
+6.450072e+03	+5.171529e+03	+3.802563e+03
+4.878122e+03	+5.522475e+03	+3.535481e+03
+4.853158e+03	+5.533213e+03	+3.512874e+03
+4.868507e+03	+5.550489e+03	+3.545141e+03
+7.625210e+03	+6.177118e+03	+1.014029e+04
+7.631209e+03	+6.164230e+03	+1.018841e+04
+7.698766e+03	+6.179038e+03	+1.013479e+04
+6.512728e+03	+6.582932e+03	+9.916767e+03
+6.494009e+03	+6.566160e+03	+9.977954e+03
+6.433350e+03	+6.585189e+03	+9.936497e+03
+8.961181e+03	+6.787316e+03	+8.518394e+03
+8.968157e+03	+6.780490e+03	+8.494198e+03
+9.012415e+03	+6.764744e+03	+8.490594e+03
+8.116510e+03	+7.419727e+03	+8.236587e+03
+8.098223e+03	+7.450965e+03	+8.294284e+03
+8.071138e+03	+7.475485e+03	+8.209994e+03
+4.856665e+03	+3.443123e+03	+9.456361e+03
+4.834292e+03	+3.434486e+03	+9.463111e+03
+4.798645e+03	+3.436876e+03	+9.433049e+03
+6.701004e+03	+3.273616e+03	+9.583286e+03
+6.717119e+03	+3.273829e+03	+9.574757e+03
+6.762132e+03	+3.289746e+03	+9.555335e+03
+8.248160e+03	+1.172501e+04	+7.296126e+03
+8.289668e+03	+1.172317e+04	+7.306839e+03
+8.314092e+03	+1.171403e+04	+7.301923e+03
+6.797974e+03	+1.187948e+04	+7.636836e+03
+6.784251e+03	+1.185732e+04	+7.661795e+03
+6.733374e+03	+1.182783e+04	+7.650791e+03
+7.115613e+03	+4.255685e+03	+4.276409e+03
+7.162159e+03	+4.228337e+03	+4.268804e+03
+7.170325e+03	+4.215131e+03	+4.320224e+03
+5.906484e+03	+4.606365e+03	+4.048419e+03
+5.874734e+03	+4.591038e+03	+4.016930e+03
+5.848930e+03	+4.612522e+03	+4.009911e+03
+9.903900e+03	+9.291559e+03	+4.402162e+03
+9.931073e+03	+9.273288e+03	+4.406112e+03
+9.944955e+03	+9.258627e+03	+4.470653e+03
+8.165742e+03	+9.618163e+03	+3.822847e+03
+8.167846e+03	+9.661196e+03	+3.764931e+03
+8.128525e+03	+9.652036e+03	+3.732026e+03
+5.763070e+03	+6.266872e+03	+1.040579e+04
+5.738942e+03	+6.309146e+03	+1.037638e+04
+5.729855e+03	+6.320240e+03	+1.033740e+04
+6.956155e+03	+6.230814e+03	+1.079076e+04
+6.960783e+03	+6.200966e+03	+1.083821e+04
+6.984464e+03	+6.258500e+03	+1.087487e+04
+4.261477e+03	+5.306352e+03	+8.422989e+03
+4.219536e+03	+5.303914e+03	+8.438008e+03
+4.195256e+03	+5.316450e+03	+8.430908e+03
+5.255977e+03	+4.673003e+03	+8.151567e+03
+5.277166e+03	+4.660683e+03	+8.090889e+03
+5.305484e+03	+4.685126e+03	+8.130915e+03
+9.337190e+03	+6.484614e+03	+5.846418e+03
+9.366986e+03	+6.500439e+03	+5.825372e+03
+9.411249e+03	+6.495020e+03	+5.879988e+03
+8.258006e+03	+6.964291e+03	+5.616129e+03
+8.236534e+03	+6.960610e+03	+5.594927e+03
+8.201725e+03	+6.978421e+03	+5.604731e+03
+7.111466e+03	+9.439637e+03	+4.025112e+03
+7.113961e+03	+9.406218e+03	+4.020587e+03
+7.162779e+03	+9.415657e+03	+4.070047e+03
+5.693708e+03	+9.594132e+03	+3.825635e+03
+5.671752e+03	+9.602119e+03	+3.862411e+03
+5.653254e+03	+9.576581e+03	+3.819978e+03
+5.037805e+03	+6.795225e+03	+8.742951e+03
+5.065548e+03	+6.784212e+03	+8.741123e+03
+5.065539e+03	+6.750043e+03	+8.782412e+03
+4.047437e+03	+7.291852e+03	+8.552073e+03
+4.008940e+03	+7.303057e+03	+8.569279e+03
+3.970296e+03	+7.312495e+03	+8.547823e+03
+7.448102e+03	+9.374681e+03	+1.051821e+04
+7.466999e+03	+9.380807e+03	+1.056375e+04
+7.480376e+03	+9.372785e+03	+1.065425e+04
+5.731855e+03	+9.666266e+03	+1.015031e+04
+5.757742e+03	+9.665727e+03	+1.010652e+04
+5.805162e+03	+9.643808e+03	+1.010077e+04
+6.569523e+03	+5.587536e+03	+3.916571e+03
+6.552018e+03	+5.671880e+03	+3.862508e+03
+6.507650e+03	+5.617329e+03	+3.878187e+03
+7.681375e+03	+5.410675e+03	+4.544142e+03
+7.727488e+03	+5.451084e+03	+4.540379e+03
+7.739799e+03	+5.474432e+03	+4.584216e+03
+5.657034e+03	+1.121101e+04	+9.703195e+03
+5.670215e+03	+1.118794e+04	+9.689170e+03
+5.691992e+03	+1.119500e+04	+9.568572e+03
+4.698064e+03	+1.127600e+04	+8.967445e+03
+4.671522e+03	+1.126803e+04	+8.960870e+03
+4.671167e+03	+1.125737e+04	+8.870848e+03
+5.742913e+03	+6.555720e+03	+4.927835e+03
+5.726378e+03	+6.564869e+03	+4.949202e+03
+5.679071e+03	+6.548291e+03	+4.974704e+03
+6.890801e+03	+6.275263e+03	+5.528308e+03
+6.867881e+03	+6.237840e+03	+5.522208e+03
+6.881363e+03	+6.235242e+03	+5.613519e+03
+7.143783e+03	+5.147569e+03	+5.555692e+03
+7.158390e+03	+5.158933e+03	+5.565593e+03
+7.200694e+03	+5.163212e+03	+5.540830e+03
+5.539165e+03	+5.276997e+03	+5.975435e+03
+5.513308e+03	+5.245177e+03	+5.960461e+03
+5.489444e+03	+5.286870e+03	+5.994427e+03
+5.477279e+03	+2.427034e+03	+6.833699e+03
+5.484313e+03	+2.374344e+03	+6.786777e+03
+5.522288e+03	+2.395197e+03	+6.808666e+03
+4.462634e+03	+3.103439e+03	+6.301755e+03
+4.443857e+03	+3.136220e+03	+6.257027e+03
+4.407643e+03	+3.138259e+03	+6.252713e+03
+9.340651e+03	+1.113675e+04	+4.892321e+03
+9.341530e+03	+1.111388e+04	+4.809222e+03
+9.369420e+03	+1.106462e+04	+4.873848e+03
+7.338425e+03	+1.195194e+04	+5.225047e+03
+7.336332e+03	+1.199219e+04	+5.227394e+03
+7.313968e+03	+1.202526e+04	+5.266636e+03
+5.661036e+03	+1.112910e+04	+8.107163e+03
+5.626256e+03	+1.117093e+04	+8.142059e+03
+5.595052e+03	+1.113824e+04	+8.174100e+03
+7.274332e+03	+1.069504e+04	+7.634834e+03
+7.292880e+03	+1.067118e+04	+7.636086e+03
+7.322214e+03	+1.067329e+04	+7.632096e+03
+9.112172e+03	+6.791911e+03	+8.975059e+03
+9.129321e+03	+6.778468e+03	+9.015771e+03
+9.170432e+03	+6.772689e+03	+8.953675e+03
+7.817557e+03	+7.308104e+03	+8.748869e+03
+7.809565e+03	+7.344936e+03	+8.761281e+03
+7.757396e+03	+7.318612e+03	+8.729745e+03
+8.556722e+03	+3.221119e+03	+7.227661e+03
+8.579784e+03	+3.234815e+03	+7.204460e+03
+8.596299e+03	+3.260688e+03	+7.167318e+03
+7.256818e+03	+3.746048e+03	+6.275718e+03
+7.284324e+03	+3.712637e+03	+6.244583e+03
+7.331533e+03	+3.735663e+03	+6.234738e+03
+9.314276e+03	+4.577018e+03	+6.946068e+03
+9.332768e+03	+4.565461e+03	+6.999452e+03
+9.386662e+03	+4.559171e+03	+6.946676e+03
+7.765615e+03	+5.039443e+03	+6.573318e+03
+7.747752e+03	+5.054533e+03	+6.581420e+03
+7.693914e+03	+5.067632e+03	+6.560260e+03
+1.074044e+04	+7.420395e+03	+9.561126e+03
+1.075777e+04	+7.419958e+03	+9.555728e+03
+1.079621e+04	+7.370238e+03	+9.518688e+03
+9.322663e+03	+8.321247e+03	+9.426377e+03
+9.294551e+03	+8.335516e+03	+9.479682e+03
+9.239402e+03	+8.329854e+03	+9.464712e+03
+7.482382e+03	+1.205413e+04	+8.106249e+03
+7.457836e+03	+1.204720e+04	+8.155334e+03
+7.415031e+03	+1.204466e+04	+8.115481e+03
+9.328695e+03	+1.135661e+04	+7.756141e+03
+9.349706e+03	+1.135636e+04	+7.758452e+03
+9.378768e+03	+1.132190e+04	+7.756157e+03
+6.987238e+03	+8.834176e+03	+1.068284e+04
+6.971209e+03	+8.848172e+03	+1.064254e+04
+6.891059e+03	+8.885887e+03	+1.076439e+04
+8.461802e+03	+7.831027e+03	+1.056000e+04
+8.472233e+03	+7.808177e+03	+1.058204e+04
+8.506253e+03	+7.817166e+03	+1.061021e+04
+4.638453e+03	+5.409108e+03	+9.083571e+03
+4.592074e+03	+5.406830e+03	+9.141793e+03
+4.586652e+03	+5.392662e+03	+9.074234e+03
+5.932905e+03	+5.598899e+03	+9.915484e+03
+5.946511e+03	+5.623195e+03	+9.940685e+03
+5.979917e+03	+5.603194e+03	+9.939245e+03
+6.841796e+03	+6.027874e+03	+5.761015e+03
+6.813782e+03	+6.056346e+03	+5.738174e+03
+6.801939e+03	+6.084950e+03	+5.752923e+03
+8.192522e+03	+5.592584e+03	+5.714959e+03
+8.211655e+03	+5.578714e+03	+5.697241e+03
+8.236438e+03	+5.560278e+03	+5.707981e+03
+6.107292e+03	+8.264453e+03	+9.727014e+03
+6.110931e+03	+8.223447e+03	+9.792695e+03
+6.137087e+03	+8.199774e+03	+9.728402e+03
+7.606061e+03	+7.217367e+03	+9.130001e+03
+7.631057e+03	+7.225251e+03	+9.197488e+03
+7.644538e+03	+7.170958e+03	+9.157406e+03
+3.874609e+03	+3.653088e+03	+8.520196e+03
+3.842443e+03	+3.646854e+03	+8.534072e+03
+3.803312e+03	+3.683531e+03	+8.492677e+03
+5.112471e+03	+3.822747e+03	+9.072864e+03
+5.160810e+03	+3.786599e+03	+9.057936e+03
+5.188963e+03	+3.825387e+03	+9.098276e+03
+6.933004e+03	+6.836518e+03	+4.486489e+03
+6.925680e+03	+6.847309e+03	+4.400500e+03
+6.845542e+03	+6.837342e+03	+4.482000e+03
+9.026507e+03	+6.882844e+03	+4.541522e+03
+9.081263e+03	+6.904709e+03	+4.553319e+03
+9.112546e+03	+6.904469e+03	+4.573182e+03
+8.688551e+03	+9.126625e+03	+5.885447e+03
+8.718114e+03	+9.141505e+03	+5.843876e+03
+8.751290e+03	+9.125460e+03	+5.892176e+03
+7.040001e+03	+9.321503e+03	+5.737265e+03
+7.042302e+03	+9.347066e+03	+5.698739e+03
+6.968482e+03	+9.344020e+03	+5.724642e+03
+6.412441e+03	+1.188625e+04	+8.664583e+03
+6.391043e+03	+1.185392e+04	+8.705339e+03
+6.326866e+03	+1.187421e+04	+8.700259e+03
+8.410467e+03	+1.138549e+04	+8.543700e+03
+8.438868e+03	+1.139870e+04	+8.546974e+03
+8.446865e+03	+1.136263e+04	+8.605140e+03
+4.973756e+03	+2.050390e+03	+8.570434e+03
+4.955728e+03	+2.040016e+03	+8.557862e+03
+4.942157e+03	+2.145652e+03	+8.561974e+03
+6.329127e+03	+2.098993e+03	+8.735981e+03
+6.352707e+03	+2.060926e+03	+8.675461e+03
+6.372889e+03	+2.103494e+03	+8.688584e+03
+4.259760e+03	+8.603137e+03	+7.023090e+03
+4.255144e+03	+8.614414e+03	+7.004211e+03
+4.217271e+03	+8.615332e+03	+6.974269e+03
+6.083542e+03	+8.468512e+03	+7.755432e+03
+6.084517e+03	+8.472852e+03	+7.804348e+03
+6.115942e+03	+8.438749e+03	+7.771518e+03
+1.006116e+04	+1.036453e+04	+6.317654e+03
+1.008649e+04	+1.034921e+04	+6.262366e+03
+1.009979e+04	+1.031690e+04	+6.311010e+03
+8.077081e+03	+1.124817e+04	+5.990467e+03
+8.054535e+03	+1.122612e+04	+5.982486e+03
+8.009934e+03	+1.122625e+04	+5.968966e+03
+6.071353e+03	+5.360584e+03	+6.277728e+03
+6.014361e+03	+5.436694e+03	+6.234990e+03
+6.000339e+03	+5.412138e+03	+6.266067e+03
+8.405822e+03	+4.817272e+03	+6.476835e+03
+8.418771e+03	+4.785457e+03	+6.511496e+03
+8.493058e+03	+4.806164e+03	+6.467973e+03
+6.934755e+03	+8.998668e+03	+9.275358e+03
+6.936075e+03	+8.985492e+03	+9.310494e+03
+6.993298e+03	+8.981247e+03	+9.257290e+03
+5.562845e+03	+9.472425e+03	+8.992458e+03
+5.511417e+03	+9.496410e+03	+9.007002e+03
+5.501162e+03	+9.493240e+03	+9.003352e+03
+7.452448e+03	+5.615890e+03	+8.975084e+03
+7.432496e+03	+5.622005e+03	+8.968123e+03
+7.393536e+03	+5.599682e+03	+8.942937e+03
+9.015638e+03	+5.898366e+03	+9.380451e+03
+9.035228e+03	+5.936646e+03	+9.413600e+03
+9.078489e+03	+5.951878e+03	+9.368496e+03
+6.976484e+03	+6.005317e+03	+1.734418e+03
+6.975462e+03	+5.954139e+03	+1.712132e+03
+6.909984e+03	+5.982507e+03	+1.762177e+03
+8.851999e+03	+6.605136e+03	+1.384594e+03
+8.893167e+03	+6.613602e+03	+1.294481e+03
+8.905671e+03	+6.634539e+03	+1.375318e+03
+6.639236e+03	+9.197614e+03	+1.040912e+04
+6.639763e+03	+9.189552e+03	+1.042592e+04
+6.696277e+03	+9.171668e+03	+1.048249e+04
+5.509517e+03	+9.271812e+03	+1.012743e+04
+5.484624e+03	+9.245664e+03	+1.016438e+04
+5.460516e+03	+9.276936e+03	+1.012663e+04
+7.536489e+03	+8.952691e+03	+1.059021e+04
+7.544763e+03	+8.944285e+03	+1.064975e+04
+7.605001e+03	+8.931892e+03	+1.068300e+04
+5.551318e+03	+8.142533e+03	+1.052055e+04
+5.548322e+03	+8.107853e+03	+1.049634e+04
+5.502523e+03	+8.120878e+03	+1.054765e+04
+5.893019e+03	+1.018092e+04	+9.290062e+03
+5.894170e+03	+1.017774e+04	+9.262721e+03
+5.860118e+03	+1.018746e+04	+9.270305e+03
+7.610264e+03	+1.041920e+04	+9.858845e+03
+7.644908e+03	+1.043057e+04	+9.887521e+03
+7.690106e+03	+1.042354e+04	+9.895696e+03
+7.433208e+03	+7.689330e+03	+4.582969e+03
+7.452385e+03	+7.710531e+03	+4.571277e+03
+7.492685e+03	+7.721773e+03	+4.581953e+03
+6.438552e+03	+7.347249e+03	+4.239283e+03
+6.387840e+03	+7.364618e+03	+4.295223e+03
+6.363707e+03	+7.344657e+03	+4.246300e+03
+7.186407e+03	+7.664022e+03	+8.439343e+03
+7.221070e+03	+7.636434e+03	+8.396580e+03
+7.247490e+03	+7.668110e+03	+8.354883e+03
+5.699379e+03	+6.909433e+03	+8.129808e+03
+5.680966e+03	+6.897722e+03	+8.052235e+03
+5.652034e+03	+6.875303e+03	+8.018283e+03
+6.052121e+03	+1.167065e+04	+5.865306e+03
+6.040244e+03	+1.165990e+04	+5.854841e+03
+6.007410e+03	+1.165300e+04	+5.873128e+03
+7.469169e+03	+1.245504e+04	+5.826855e+03
+7.497710e+03	+1.246308e+04	+5.843572e+03
+7.530683e+03	+1.248345e+04	+5.817296e+03
+8.299848e+03	+3.390505e+03	+5.219529e+03
+8.284334e+03	+3.380366e+03	+5.253394e+03
+8.221841e+03	+3.414504e+03	+5.233678e+03
+9.627124e+03	+3.858088e+03	+5.462022e+03
+9.617097e+03	+3.886978e+03	+5.513871e+03
+9.647546e+03	+3.912062e+03	+5.490686e+03
+7.916212e+03	+6.134708e+03	+5.421858e+03
+7.910165e+03	+6.134555e+03	+5.391897e+03
+7.860077e+03	+6.139400e+03	+5.404291e+03
+9.335326e+03	+6.462321e+03	+5.750768e+03
+9.364325e+03	+6.480749e+03	+5.734608e+03
+9.394502e+03	+6.491999e+03	+5.787267e+03
+7.876530e+03	+1.278774e+04	+7.272019e+03
+7.887417e+03	+1.277801e+04	+7.250255e+03
+7.931066e+03	+1.280104e+04	+7.232357e+03
+6.611743e+03	+1.226281e+04	+7.067717e+03
+6.580688e+03	+1.227325e+04	+7.131389e+03
+6.525038e+03	+1.224482e+04	+7.126739e+03
+8.935542e+03	+5.263602e+03	+4.357387e+03
+8.941204e+03	+5.264287e+03	+4.369825e+03
+8.986644e+03	+5.245072e+03	+4.377652e+03
+7.046033e+03	+5.141642e+03	+3.922174e+03
+7.037542e+03	+5.141118e+03	+3.963873e+03
+7.042259e+03	+5.125862e+03	+3.838796e+03
+6.537764e+03	+4.626379e+03	+1.014160e+04
+6.511314e+03	+4.641212e+03	+1.013451e+04
+6.483746e+03	+4.654979e+03	+1.012858e+04
+7.999877e+03	+5.323963e+03	+1.004767e+04
+7.949703e+03	+5.349302e+03	+9.990059e+03
+7.944540e+03	+5.345404e+03	+1.005462e+04
+7.020001e+03	+8.256477e+03	+3.186994e+03
+7.031839e+03	+8.236984e+03	+3.165712e+03
+6.980564e+03	+8.208600e+03	+3.144937e+03
+8.310441e+03	+8.812687e+03	+3.669676e+03
+8.344246e+03	+8.847266e+03	+3.623003e+03
+8.365588e+03	+8.827405e+03	+3.700463e+03
+6.826395e+03	+1.114771e+04	+9.744601e+03
+6.862393e+03	+1.114622e+04	+9.801465e+03
+6.921395e+03	+1.114249e+04	+9.804161e+03
+5.197362e+03	+1.056179e+04	+9.358376e+03
+5.160107e+03	+1.055635e+04	+9.390444e+03
+5.145518e+03	+1.051656e+04	+9.322302e+03
+7.700471e+03	+1.051722e+04	+4.067822e+03
+7.713949e+03	+1.050700e+04	+4.056230e+03
+7.758355e+03	+1.051739e+04	+4.048756e+03
+6.226571e+03	+1.054072e+04	+4.472957e+03
+6.213048e+03	+1.053556e+04	+4.458278e+03
+6.177581e+03	+1.049871e+04	+4.475681e+03
+7.354136e+03	+6.044671e+03	+3.598265e+03
+7.361553e+03	+6.021759e+03	+3.658162e+03
+7.388973e+03	+6.025993e+03	+3.708987e+03
+6.221396e+03	+6.196067e+03	+3.158764e+03
+6.220069e+03	+6.225794e+03	+3.236545e+03
+6.217368e+03	+6.208517e+03	+3.141789e+03
+7.931370e+03	+6.901953e+03	+5.750329e+03
+7.990854e+03	+6.908618e+03	+5.683055e+03
+7.984307e+03	+6.863911e+03	+5.740084e+03
+6.637269e+03	+7.807977e+03	+5.797615e+03
+6.629960e+03	+7.831583e+03	+5.776667e+03
+6.592018e+03	+7.865975e+03	+5.879434e+03
+9.187523e+03	+1.079796e+04	+6.673184e+03
+9.206132e+03	+1.077553e+04	+6.603559e+03
+9.161262e+03	+1.084390e+04	+6.647614e+03
+1.033891e+04	+9.427785e+03	+6.672408e+03
+1.033460e+04	+9.419287e+03	+6.693649e+03
+1.034857e+04	+9.384770e+03	+6.714943e+03
+3.866365e+03	+6.263852e+03	+5.543183e+03
+3.853737e+03	+6.260790e+03	+5.518429e+03
+3.836956e+03	+6.298690e+03	+5.452556e+03
+5.309454e+03	+5.121692e+03	+6.030176e+03
+5.332646e+03	+5.104607e+03	+6.050604e+03
+5.351115e+03	+5.102797e+03	+6.078656e+03
+7.037790e+03	+1.026641e+04	+6.843369e+03
+6.988545e+03	+1.027271e+04	+6.858103e+03
+6.955027e+03	+1.031115e+04	+6.863663e+03
+8.216214e+03	+9.531886e+03	+7.142164e+03
+8.223058e+03	+9.493582e+03	+7.108173e+03
+8.267339e+03	+9.442074e+03	+7.051837e+03
+1.070898e+04	+1.072472e+04	+2.762070e+03
+1.072977e+04	+1.072903e+04	+2.817506e+03
+1.074618e+04	+1.071020e+04	+2.852341e+03
+8.939193e+03	+1.159497e+04	+2.923081e+03
+8.925869e+03	+1.159541e+04	+3.015296e+03
+8.896476e+03	+1.155227e+04	+2.991970e+03
+9.163341e+03	+9.556292e+03	+2.902721e+03
+9.157332e+03	+9.586120e+03	+2.949820e+03
+9.110223e+03	+9.564890e+03	+2.897106e+03
+1.084356e+04	+8.615565e+03	+3.112820e+03
+1.087737e+04	+8.616244e+03	+3.086392e+03
+1.087444e+04	+8.569328e+03	+3.060796e+03
+7.718637e+03	+6.290553e+03	+1.449335e+03
+7.692470e+03	+6.260952e+03	+1.405741e+03
+7.639972e+03	+6.280592e+03	+1.433533e+03
+8.905578e+03	+5.730051e+03	+1.912830e+03
+8.953461e+03	+5.730739e+03	+1.902196e+03
+8.952215e+03	+5.724971e+03	+2.003926e+03
+1.095790e+04	+9.527433e+03	+5.079437e+03
+1.098929e+04	+9.503170e+03	+5.091877e+03
+1.098741e+04	+9.473377e+03	+5.092005e+03
+9.893741e+03	+1.048369e+04	+4.835748e+03
+9.865958e+03	+1.051649e+04	+4.887746e+03
+9.841148e+03	+1.053110e+04	+4.888234e+03
+4.416250e+03	+3.796561e+03	+3.477802e+03
+4.394421e+03	+3.815407e+03	+3.448966e+03
+4.380789e+03	+3.865379e+03	+3.496667e+03
+5.687051e+03	+3.129478e+03	+3.704223e+03
+5.692309e+03	+3.094202e+03	+3.716523e+03
+5.751317e+03	+3.128380e+03	+3.689870e+03
+7.909875e+03	+8.902824e+03	+3.644855e+03
+7.930338e+03	+8.888910e+03	+3.656462e+03
+7.968084e+03	+8.859617e+03	+3.668740e+03
+6.628973e+03	+9.307350e+03	+3.311798e+03
+6.598311e+03	+9.291619e+03	+3.246920e+03
+6.578295e+03	+9.318707e+03	+3.231557e+03
+5.755982e+03	+4.922366e+03	+3.589447e+03
+5.782229e+03	+4.902081e+03	+3.565454e+03
+5.821671e+03	+4.875265e+03	+3.503059e+03
+4.238308e+03	+5.540037e+03	+3.237011e+03
+4.170030e+03	+5.522773e+03	+3.201991e+03
+4.199528e+03	+5.588299e+03	+3.179796e+03
+7.541048e+03	+1.171680e+04	+7.548274e+03
+7.505959e+03	+1.171763e+04	+7.583143e+03
+7.481625e+03	+1.172924e+04	+7.544937e+03
+8.516301e+03	+1.091453e+04	+7.628750e+03
+8.531154e+03	+1.089302e+04	+7.647049e+03
+8.549175e+03	+1.085650e+04	+7.664661e+03
+1.021510e+04	+9.589007e+03	+1.476679e+03
+1.027269e+04	+9.647738e+03	+1.428043e+03
+1.023865e+04	+9.557406e+03	+1.459828e+03
+9.168663e+03	+1.051889e+04	+1.543530e+03
+9.162933e+03	+1.051490e+04	+1.506806e+03
+9.126832e+03	+1.054933e+04	+1.621251e+03
+7.328162e+03	+1.050360e+04	+4.009733e+03
+7.307598e+03	+1.051789e+04	+3.989230e+03
+7.272720e+03	+1.054996e+04	+4.035156e+03
+8.374624e+03	+9.593282e+03	+3.921961e+03
+8.386730e+03	+9.590175e+03	+3.924355e+03
+8.425636e+03	+9.551916e+03	+3.889964e+03
+6.541486e+03	+3.399847e+03	+4.942413e+03
+6.577120e+03	+3.403385e+03	+5.056734e+03
+6.597179e+03	+3.382493e+03	+4.994808e+03
+4.983928e+03	+4.245301e+03	+4.837759e+03
+4.931035e+03	+4.249434e+03	+4.881344e+03
+4.953183e+03	+4.297723e+03	+4.835136e+03
+7.271393e+03	+6.705114e+03	+6.393715e+03
+7.288756e+03	+6.693542e+03	+6.332004e+03
+7.346059e+03	+6.676860e+03	+6.345033e+03
+6.041428e+03	+7.341711e+03	+6.614579e+03
+5.986105e+03	+7.361627e+03	+6.528742e+03
+5.979247e+03	+7.387181e+03	+6.588333e+03
+9.231377e+03	+1.092566e+04	+3.375341e+03
+9.230811e+03	+1.092957e+04	+3.380520e+03
+9.172851e+03	+1.096383e+04	+3.377587e+03
+1.024130e+04	+1.019111e+04	+3.665628e+03
+1.026898e+04	+1.022160e+04	+3.634355e+03
+1.029941e+04	+1.016171e+04	+3.616056e+03
+5.933973e+03	+7.320207e+03	+4.418042e+03
+5.928768e+03	+7.330088e+03	+4.430451e+03
+5.897335e+03	+7.372997e+03	+4.363445e+03
+6.903959e+03	+6.451074e+03	+4.807850e+03
+6.913794e+03	+6.446968e+03	+4.819684e+03
+6.977263e+03	+6.430594e+03	+4.774041e+03
+4.379062e+03	+5.839501e+03	+6.670250e+03
+4.316794e+03	+5.854810e+03	+6.678967e+03
+4.316917e+03	+5.886005e+03	+6.631942e+03
+5.693745e+03	+4.806420e+03	+6.961296e+03
+5.723802e+03	+4.804395e+03	+6.967172e+03
+5.748578e+03	+4.800300e+03	+6.957094e+03
+1.050885e+04	+6.848425e+03	+1.002740e+04
+1.051343e+04	+6.875372e+03	+1.006901e+04
+1.054676e+04	+6.913694e+03	+1.002066e+04
+9.740651e+03	+5.916570e+03	+9.901284e+03
+9.696810e+03	+5.897477e+03	+9.939424e+03
+9.660474e+03	+5.898461e+03	+9.887810e+03
+9.533881e+03	+9.587409e+03	+5.879105e+03
+9.571620e+03	+9.604617e+03	+5.882870e+03
+9.589981e+03	+9.623514e+03	+5.876664e+03
+8.520070e+03	+8.904719e+03	+6.056063e+03
+8.521701e+03	+8.873188e+03	+6.046500e+03
+8.467520e+03	+8.857088e+03	+6.092728e+03
+1.069618e+04	+6.869774e+03	+6.334145e+03
+1.067933e+04	+6.861826e+03	+6.340079e+03
+1.065069e+04	+6.841189e+03	+6.328024e+03
+1.184181e+04	+7.502783e+03	+6.326391e+03
+1.189016e+04	+7.490648e+03	+6.299956e+03
+1.192676e+04	+7.494871e+03	+6.288147e+03
+9.932179e+03	+5.301039e+03	+1.090969e+04
+9.902306e+03	+5.302892e+03	+1.089727e+04
+9.854138e+03	+5.294224e+03	+1.096895e+04
+1.088878e+04	+6.149196e+03	+1.067675e+04
+1.091134e+04	+6.138659e+03	+1.070865e+04
+1.090547e+04	+6.193059e+03	+1.069027e+04
+5.573955e+03	+1.000119e+04	+4.791030e+03
+5.574359e+03	+1.002050e+04	+4.718888e+03
+5.532562e+03	+9.968353e+03	+4.804574e+03
+6.496330e+03	+1.079934e+04	+4.540514e+03
+6.509643e+03	+1.085375e+04	+4.526438e+03
+6.544374e+03	+1.083954e+04	+4.459204e+03
+5.672726e+03	+9.151260e+03	+1.005080e+04
+5.655055e+03	+9.128721e+03	+1.006089e+04
+5.620273e+03	+9.131921e+03	+1.002342e+04
+6.633274e+03	+9.543540e+03	+1.035192e+04
+6.658379e+03	+9.544521e+03	+1.038939e+04
+6.679233e+03	+9.580645e+03	+1.041195e+04
+5.947315e+03	+9.402664e+03	+1.119595e+04
+5.901861e+03	+9.375928e+03	+1.115210e+04
+5.922497e+03	+9.317969e+03	+1.118051e+04
+6.791399e+03	+1.012341e+04	+1.123972e+04
+6.796479e+03	+1.012792e+04	+1.127326e+04
+6.855094e+03	+1.013818e+04	+1.132494e+04
+7.761407e+03	+1.025258e+04	+6.715481e+03
+7.763085e+03	+1.029621e+04	+6.743683e+03
+7.797061e+03	+1.028635e+04	+6.711715e+03
+6.976321e+03	+9.187582e+03	+6.523335e+03
+6.961303e+03	+9.180400e+03	+6.497216e+03
+6.934262e+03	+9.144004e+03	+6.480510e+03
+6.709200e+03	+9.938789e+03	+7.472184e+03
+6.716284e+03	+9.963922e+03	+7.454341e+03
+6.770180e+03	+9.966638e+03	+7.459808e+03
+5.746404e+03	+9.227912e+03	+7.224396e+03
+5.749546e+03	+9.203012e+03	+7.202680e+03
+5.730799e+03	+9.172376e+03	+7.169936e+03
+7.258804e+03	+1.277698e+04	+5.682080e+03
+7.280436e+03	+1.277518e+04	+5.557342e+03
+7.294150e+03	+1.278248e+04	+5.636182e+03
+6.114361e+03	+1.245199e+04	+5.662943e+03
+6.078782e+03	+1.245401e+04	+5.618777e+03
+6.055918e+03	+1.241041e+04	+5.658164e+03
+8.728529e+03	+5.433245e+03	+7.782739e+03
+8.738382e+03	+5.369577e+03	+7.791954e+03
+8.710916e+03	+5.303689e+03	+7.728616e+03
+1.013445e+04	+5.941051e+03	+7.949415e+03
+1.014897e+04	+6.021951e+03	+7.905736e+03
+1.018932e+04	+6.021947e+03	+7.888901e+03
+6.743730e+03	+1.191238e+04	+4.659624e+03
+6.773878e+03	+1.195541e+04	+4.615227e+03
+6.795489e+03	+1.195771e+04	+4.679213e+03
+5.747732e+03	+1.141852e+04	+4.350828e+03
+5.741486e+03	+1.142091e+04	+4.448706e+03
+5.720141e+03	+1.136503e+04	+4.423517e+03
+8.522424e+03	+8.153225e+03	+1.022831e+04
+8.494368e+03	+8.091762e+03	+1.022477e+04
+8.476432e+03	+8.124653e+03	+1.028674e+04
+9.217706e+03	+8.801554e+03	+9.565163e+03
+9.217215e+03	+8.830928e+03	+9.556847e+03
+9.246983e+03	+8.843482e+03	+9.529779e+03
+7.727198e+03	+1.302493e+04	+1.006475e+04
+7.752878e+03	+1.300944e+04	+1.011127e+04
+7.779473e+03	+1.302367e+04	+1.009123e+04
+6.390573e+03	+1.231310e+04	+1.010413e+04
+6.358599e+03	+1.227126e+04	+1.012312e+04
+6.340825e+03	+1.225690e+04	+1.010660e+04
+1.136640e+04	+5.362879e+03	+1.023669e+04
+1.136040e+04	+5.322324e+03	+1.019603e+04
+1.132120e+04	+5.318665e+03	+1.020089e+04
+1.219457e+04	+6.342279e+03	+1.024768e+04
+1.222851e+04	+6.344884e+03	+1.021137e+04
+1.222612e+04	+6.390259e+03	+1.021649e+04
+1.050813e+04	+8.458213e+03	+7.102953e+03
+1.054269e+04	+8.502293e+03	+7.111098e+03
+1.054939e+04	+8.554301e+03	+7.102011e+03
+9.695129e+03	+7.782716e+03	+7.534020e+03
+9.690918e+03	+7.781920e+03	+7.559887e+03
+9.655447e+03	+7.784602e+03	+7.543443e+03
+8.579158e+03	+9.702708e+03	+1.099246e+04
+8.566398e+03	+9.688825e+03	+1.100819e+04
+8.542508e+03	+9.669905e+03	+1.102731e+04
+9.275200e+03	+1.061049e+04	+1.144836e+04
+9.263788e+03	+1.063718e+04	+1.156838e+04
+9.330984e+03	+1.065261e+04	+1.150657e+04
+5.359429e+03	+1.027114e+04	+8.726503e+03
+5.370413e+03	+1.026108e+04	+8.683055e+03
+5.414672e+03	+1.027033e+04	+8.687387e+03
+4.418790e+03	+9.565776e+03	+8.990447e+03
+4.385908e+03	+9.583915e+03	+9.030569e+03
+4.382739e+03	+9.536935e+03	+9.040393e+03
+9.325402e+03	+7.632628e+03	+8.808118e+03
+9.350614e+03	+7.613020e+03	+8.771440e+03
+9.374435e+03	+7.664680e+03	+8.776062e+03
+8.428493e+03	+6.912233e+03	+8.762288e+03
+8.425453e+03	+6.892745e+03	+8.748629e+03
+8.387639e+03	+6.891159e+03	+8.749694e+03
+9.568009e+03	+8.212632e+03	+4.379918e+03
+9.561782e+03	+8.187125e+03	+4.340051e+03
+9.532951e+03	+8.163039e+03	+4.262725e+03
+1.035854e+04	+8.926269e+03	+4.325196e+03
+1.036091e+04	+8.971187e+03	+4.283426e+03
+1.038687e+04	+9.015123e+03	+4.182453e+03
+1.176823e+04	+8.312500e+03	+1.075091e+04
+1.177303e+04	+8.333277e+03	+1.076206e+04
+1.178638e+04	+8.378917e+03	+1.079234e+04
+1.061562e+04	+7.503704e+03	+1.066470e+04
+1.062523e+04	+7.487088e+03	+1.073139e+04
+1.057664e+04	+7.459238e+03	+1.077768e+04
+7.243181e+03	+6.214805e+03	+1.056211e+04
+7.214449e+03	+6.217649e+03	+1.056363e+04
+7.171819e+03	+6.232168e+03	+1.063614e+04
+8.242089e+03	+6.952842e+03	+1.078929e+04
+8.259159e+03	+6.957046e+03	+1.080785e+04
+8.270686e+03	+6.993105e+03	+1.086746e+04
+7.737067e+03	+4.125304e+03	+8.367965e+03
+7.732240e+03	+4.079296e+03	+8.304935e+03
+7.670858e+03	+4.087789e+03	+8.326513e+03
+8.979302e+03	+4.635124e+03	+8.552583e+03
+8.992509e+03	+4.643921e+03	+8.622261e+03
+9.039292e+03	+4.679090e+03	+8.593595e+03
+6.319912e+03	+1.343604e+04	+9.234960e+03
+6.318246e+03	+1.344982e+04	+9.317378e+03
+6.359900e+03	+1.344386e+04	+9.323489e+03
+5.403369e+03	+1.275065e+04	+9.361202e+03
+5.361937e+03	+1.275151e+04	+9.326459e+03
+5.363937e+03	+1.270825e+04	+9.283075e+03
+5.979087e+03	+1.203359e+04	+2.679815e+03
+6.007333e+03	+1.203781e+04	+2.696022e+03
+6.033247e+03	+1.202848e+04	+2.698792e+03
+4.787205e+03	+1.186527e+04	+3.208095e+03
+4.777563e+03	+1.188642e+04	+3.220880e+03
+4.755573e+03	+1.184418e+04	+3.300676e+03
+7.956081e+03	+1.159078e+04	+7.574256e+03
+7.973536e+03	+1.157990e+04	+7.551179e+03
+7.999568e+03	+1.156097e+04	+7.515962e+03
+6.806785e+03	+1.158290e+04	+7.750659e+03
+6.782190e+03	+1.161624e+04	+7.777963e+03
+6.753227e+03	+1.158688e+04	+7.728486e+03
+4.859215e+03	+3.483307e+03	+3.403623e+03
+4.836379e+03	+3.476006e+03	+3.338370e+03
+4.807977e+03	+3.503762e+03	+3.414722e+03
+5.864920e+03	+3.477728e+03	+3.041352e+03
+5.893356e+03	+3.467640e+03	+3.028466e+03
+5.941934e+03	+3.486888e+03	+3.023451e+03
+7.128593e+03	+7.623491e+03	+5.165891e+03
+7.109884e+03	+7.619291e+03	+5.205373e+03
+7.106199e+03	+7.679976e+03	+5.135855e+03
+8.076937e+03	+7.436535e+03	+4.714489e+03
+8.097961e+03	+7.434682e+03	+4.784562e+03
+8.119915e+03	+7.420322e+03	+4.775794e+03
+7.139953e+03	+4.363806e+03	+3.280222e+03
+7.168887e+03	+4.385909e+03	+3.186988e+03
+7.207600e+03	+4.392441e+03	+3.221476e+03
+6.016290e+03	+4.384515e+03	+3.485401e+03
+6.011249e+03	+4.378190e+03	+3.420383e+03
+5.972382e+03	+4.417723e+03	+3.505942e+03
+7.279798e+03	+5.318764e+03	+7.361033e+03
+7.306528e+03	+5.353055e+03	+7.399598e+03
+7.342621e+03	+5.331141e+03	+7.340877e+03
+6.261015e+03	+5.659940e+03	+7.492315e+03
+6.207890e+03	+5.621889e+03	+7.468372e+03
+6.193481e+03	+5.680906e+03	+7.497607e+03
+6.294683e+03	+1.058070e+04	+5.754560e+03
+6.277987e+03	+1.059199e+04	+5.712884e+03
+6.229580e+03	+1.062039e+04	+5.711757e+03
+7.355448e+03	+1.046657e+04	+5.573546e+03
+7.349115e+03	+1.044688e+04	+5.611001e+03
+7.403811e+03	+1.045893e+04	+5.611810e+03
+5.780037e+03	+5.030858e+03	+1.637073e+03
+5.812258e+03	+5.010575e+03	+1.569794e+03
+5.820578e+03	+5.043950e+03	+1.630566e+03
+4.415593e+03	+4.831908e+03	+1.704890e+03
+4.395005e+03	+4.848831e+03	+1.721552e+03
+4.347002e+03	+4.844148e+03	+1.705950e+03
+6.012262e+03	+1.219469e+04	+6.399395e+03
+5.960792e+03	+1.219121e+04	+6.418693e+03
+5.944762e+03	+1.219071e+04	+6.408278e+03
+6.951614e+03	+1.197284e+04	+6.473281e+03
+6.972919e+03	+1.198402e+04	+6.472358e+03
+7.012184e+03	+1.195695e+04	+6.468605e+03
+6.737365e+03	+3.776442e+03	+7.751002e+03
+6.702265e+03	+3.770091e+03	+7.737660e+03
+6.678790e+03	+3.801887e+03	+7.757549e+03
+7.885048e+03	+3.756464e+03	+7.716028e+03
+7.896414e+03	+3.737278e+03	+7.748257e+03
+7.944213e+03	+3.793573e+03	+7.732567e+03
+8.131910e+03	+4.723530e+03	+7.824131e+03
+8.156964e+03	+4.729469e+03	+7.847876e+03
+8.186511e+03	+4.742239e+03	+7.826833e+03
+6.867147e+03	+4.657355e+03	+7.883076e+03
+6.852413e+03	+4.644884e+03	+7.892756e+03
+6.801406e+03	+4.638762e+03	+7.927574e+03
+6.283067e+03	+1.054270e+04	+2.502919e+03
+6.320057e+03	+1.053140e+04	+2.512432e+03
+6.347988e+03	+1.054182e+04	+2.382114e+03
+5.101102e+03	+1.035675e+04	+2.896831e+03
+5.077780e+03	+1.036195e+04	+2.927619e+03
+5.046923e+03	+1.033152e+04	+2.909679e+03
+8.450673e+03	+8.434877e+03	+4.913530e+03
+8.491195e+03	+8.473462e+03	+4.875318e+03
+8.512798e+03	+8.445976e+03	+4.888862e+03
+6.773458e+03	+8.599619e+03	+4.549040e+03
+6.774859e+03	+8.590214e+03	+4.418153e+03
+6.727280e+03	+8.579335e+03	+4.444593e+03
+7.908281e+03	+1.233147e+04	+4.945556e+03
+7.908418e+03	+1.231786e+04	+4.971646e+03
+7.946748e+03	+1.228411e+04	+4.950633e+03
+6.793203e+03	+1.247328e+04	+5.200648e+03
+6.742015e+03	+1.248947e+04	+5.217066e+03
+6.711571e+03	+1.248722e+04	+5.309133e+03
+8.307208e+03	+1.136606e+04	+3.860649e+03
+8.329828e+03	+1.134883e+04	+3.860979e+03
+8.348519e+03	+1.131876e+04	+3.868164e+03
+6.485897e+03	+1.165493e+04	+3.768810e+03
+6.484760e+03	+1.166057e+04	+3.807377e+03
+6.432319e+03	+1.162037e+04	+3.762619e+03
+4.254458e+03	+9.240786e+03	+3.197263e+03
+4.231660e+03	+9.235825e+03	+3.236246e+03
+4.178380e+03	+9.207885e+03	+3.231223e+03
+5.416737e+03	+9.402580e+03	+2.989240e+03
+5.451613e+03	+9.393201e+03	+3.060795e+03
+5.505986e+03	+9.372827e+03	+3.010466e+03
+8.770615e+03	+8.004475e+03	+7.980387e+03
+8.746776e+03	+7.990485e+03	+7.978078e+03
+8.721803e+03	+7.955683e+03	+7.949247e+03
+9.356658e+03	+8.961536e+03	+7.831221e+03
+9.382543e+03	+9.011050e+03	+7.780740e+03
+9.396580e+03	+9.040570e+03	+7.821869e+03
+4.518938e+03	+1.033038e+04	+4.580071e+03
+4.520605e+03	+1.035199e+04	+4.546997e+03
+4.575994e+03	+1.035196e+04	+4.604783e+03
+3.724713e+03	+9.103470e+03	+4.397504e+03
+3.697232e+03	+9.104095e+03	+4.383149e+03
+3.729145e+03	+9.043338e+03	+4.363211e+03
+5.332439e+03	+1.093027e+04	+5.810724e+03
+5.370548e+03	+1.095351e+04	+5.861525e+03
+5.395181e+03	+1.097588e+04	+5.832085e+03
+4.640556e+03	+9.639266e+03	+5.575141e+03
+4.628930e+03	+9.633683e+03	+5.599789e+03
+4.638771e+03	+9.594995e+03	+5.572823e+03
+6.711595e+03	+7.280423e+03	+4.203915e+03
+6.712928e+03	+7.272531e+03	+4.202601e+03
+6.676486e+03	+7.231124e+03	+4.249662e+03
+7.069904e+03	+8.334293e+03	+3.827835e+03
+7.049177e+03	+8.351096e+03	+3.822316e+03
+7.065063e+03	+8.362589e+03	+3.796869e+03
+7.496788e+03	+7.390029e+03	+5.023265e+03
+7.516853e+03	+7.365823e+03	+5.037815e+03
+7.492989e+03	+7.321880e+03	+5.089141e+03
+8.516351e+03	+8.814174e+03	+4.669391e+03
+8.529858e+03	+8.844681e+03	+4.687949e+03
+8.545162e+03	+8.851819e+03	+4.687406e+03
+7.560527e+03	+7.497622e+03	+8.241528e+03
+7.540681e+03	+7.454796e+03	+8.264311e+03
+7.543030e+03	+7.422935e+03	+8.227631e+03
+8.269934e+03	+9.082259e+03	+8.402482e+03
+8.295749e+03	+9.105986e+03	+8.427401e+03
+8.309369e+03	+9.135654e+03	+8.427791e+03
+7.182694e+03	+7.545977e+03	+1.077107e+04
+7.181504e+03	+7.550692e+03	+1.075142e+04
+7.214753e+03	+7.577685e+03	+1.075032e+04
+6.549663e+03	+6.470883e+03	+1.066622e+04
+6.552365e+03	+6.446291e+03	+1.068232e+04
+6.538989e+03	+6.410573e+03	+1.064735e+04
+6.478295e+03	+9.584445e+03	+6.307623e+03
+6.451836e+03	+9.540827e+03	+6.280344e+03
+6.447946e+03	+9.500616e+03	+6.304769e+03
+6.873904e+03	+1.071097e+04	+6.309162e+03
+6.876442e+03	+1.074435e+04	+6.300218e+03
+6.896766e+03	+1.075021e+04	+6.385957e+03
+9.018995e+03	+6.807499e+03	+8.426174e+03
+8.979523e+03	+6.875535e+03	+8.434796e+03
+9.012643e+03	+6.913961e+03	+8.436826e+03
+8.290508e+03	+5.908797e+03	+8.584622e+03
+8.273873e+03	+5.902890e+03	+8.557905e+03
+8.263546e+03	+5.857529e+03	+8.553227e+03
+9.194038e+03	+6.039355e+03	+6.228032e+03
+9.197402e+03	+5.998102e+03	+6.167016e+03
+9.177941e+03	+5.984304e+03	+6.268602e+03
+1.035938e+04	+7.099776e+03	+6.293268e+03
+1.038764e+04	+7.100926e+03	+6.344730e+03
+1.041205e+04	+7.145011e+03	+6.343452e+03
+1.099945e+04	+6.501953e+03	+2.709660e+03
+1.100923e+04	+6.485362e+03	+2.638816e+03
+1.097188e+04	+6.469608e+03	+2.656153e+03
+1.153043e+04	+7.831674e+03	+3.044889e+03
+1.154590e+04	+7.878700e+03	+2.958087e+03
+1.153650e+04	+7.894088e+03	+3.017516e+03
+7.012406e+03	+8.569818e+03	+9.491512e+03
+7.041581e+03	+8.549550e+03	+9.516298e+03
+7.060591e+03	+8.583324e+03	+9.486434e+03
+5.938289e+03	+7.747399e+03	+9.505896e+03
+5.914536e+03	+7.718034e+03	+9.526318e+03
+5.914154e+03	+7.673379e+03	+9.490979e+03
+1.088243e+04	+6.345676e+03	+8.920716e+03
+1.088939e+04	+6.365392e+03	+8.902104e+03
+1.091048e+04	+6.380262e+03	+8.870802e+03
+9.806142e+03	+5.427330e+03	+9.406219e+03
+9.791682e+03	+5.402051e+03	+9.388323e+03
+9.763414e+03	+5.386202e+03	+9.383875e+03
+1.042013e+04	+6.762469e+03	+9.481483e+03
+1.041577e+04	+6.756441e+03	+9.492131e+03
+1.038886e+04	+6.728170e+03	+9.438438e+03
+1.110694e+04	+8.106671e+03	+9.170063e+03
+1.111104e+04	+8.124911e+03	+9.142369e+03
+1.111622e+04	+8.169344e+03	+9.120222e+03
+5.523896e+03	+8.552815e+03	+3.427418e+03
+5.520577e+03	+8.540709e+03	+3.395752e+03
+5.503920e+03	+8.488621e+03	+3.381482e+03
+6.288633e+03	+9.498496e+03	+3.377823e+03
+6.293576e+03	+9.532035e+03	+3.364047e+03
+6.317016e+03	+9.564868e+03	+3.388122e+03
+1.038651e+04	+4.185307e+03	+5.544684e+03
+1.035849e+04	+4.170605e+03	+5.546144e+03
+1.031122e+04	+4.150936e+03	+5.598960e+03
+1.107474e+04	+5.455752e+03	+5.809353e+03
+1.109728e+04	+5.468797e+03	+5.833788e+03
+1.109861e+04	+5.501784e+03	+5.824734e+03
+9.463904e+03	+8.219150e+03	+5.060697e+03
+9.503990e+03	+8.218893e+03	+5.094697e+03
+9.498022e+03	+8.249588e+03	+4.965258e+03
+8.117640e+03	+6.898815e+03	+5.428918e+03
+8.135172e+03	+6.878102e+03	+5.368167e+03
+8.066512e+03	+6.869123e+03	+5.499226e+03
+9.427464e+03	+9.654278e+03	+3.221634e+03
+9.465158e+03	+9.683310e+03	+3.299045e+03
+9.465877e+03	+9.712276e+03	+3.390220e+03
+8.810062e+03	+8.776212e+03	+3.129089e+03
+8.796371e+03	+8.776656e+03	+3.079443e+03
+8.746476e+03	+8.745234e+03	+3.008270e+03
+9.315160e+03	+4.134621e+03	+4.735417e+03
+9.319290e+03	+4.083139e+03	+4.689639e+03
+9.279914e+03	+4.093671e+03	+4.685419e+03
+1.046744e+04	+5.166689e+03	+4.871622e+03
+1.046200e+04	+5.193497e+03	+4.935284e+03
+1.049732e+04	+5.220920e+03	+4.965745e+03
+9.032011e+03	+4.794968e+03	+7.856845e+03
+9.025489e+03	+4.754839e+03	+7.836146e+03
+8.982843e+03	+4.760924e+03	+7.843318e+03
+9.931073e+03	+6.022450e+03	+8.045771e+03
+9.965315e+03	+6.032180e+03	+8.039201e+03
+9.970535e+03	+6.098735e+03	+8.019868e+03
+5.363947e+03	+7.375388e+03	+5.577089e+03
+5.385128e+03	+7.389747e+03	+5.550611e+03
+5.419557e+03	+7.421687e+03	+5.566305e+03
+4.797972e+03	+6.157305e+03	+5.561897e+03
+4.771962e+03	+6.162150e+03	+5.589477e+03
+4.784684e+03	+6.126833e+03	+5.615810e+03
+3.279974e+03	+1.008821e+04	+6.478003e+03
+3.256375e+03	+1.008876e+04	+6.503106e+03
+3.314465e+03	+1.009340e+04	+6.533143e+03
+2.571058e+03	+8.606198e+03	+6.433962e+03
+2.564837e+03	+8.565170e+03	+6.474685e+03
+2.563432e+03	+8.553673e+03	+6.397876e+03
+5.841210e+03	+9.102241e+03	+1.083239e+04
+5.817003e+03	+9.097019e+03	+1.088956e+04
+5.788457e+03	+9.112790e+03	+1.083304e+04
+6.883401e+03	+1.048798e+04	+1.061440e+04
+6.878291e+03	+1.049701e+04	+1.060069e+04
+6.918051e+03	+1.051730e+04	+1.056215e+04
+8.604274e+03	+8.456371e+03	+9.898961e+03
+8.628650e+03	+8.467098e+03	+9.925061e+03
+8.627455e+03	+8.494246e+03	+9.870053e+03
+7.608271e+03	+6.805807e+03	+9.798231e+03
+7.576769e+03	+6.796957e+03	+9.816083e+03
+7.543502e+03	+6.767409e+03	+9.814016e+03
+9.609927e+03	+7.204136e+03	+1.029514e+04
+9.555411e+03	+7.185860e+03	+1.035740e+04
+9.575718e+03	+7.166628e+03	+1.034030e+04
+1.013656e+04	+8.542280e+03	+1.013986e+04
+1.015910e+04	+8.552041e+03	+1.013538e+04
+1.015796e+04	+8.591006e+03	+1.011850e+04
+1.325103e+04	+8.192651e+03	+9.678937e+03
+1.323774e+04	+8.201928e+03	+9.747334e+03
+1.325634e+04	+8.242016e+03	+9.723797e+03
+1.277745e+04	+7.233555e+03	+9.892096e+03
+1.274855e+04	+7.195819e+03	+9.971931e+03
+1.271541e+04	+7.189033e+03	+9.909850e+03
+8.724789e+03	+8.729340e+03	+2.137041e+03
+8.742847e+03	+8.770525e+03	+2.078210e+03
+8.727899e+03	+8.821896e+03	+2.140931e+03
+7.864408e+03	+7.480425e+03	+2.352089e+03
+7.849143e+03	+7.440867e+03	+2.290692e+03
+7.805627e+03	+7.388754e+03	+2.341701e+03
+6.578564e+03	+9.820749e+03	+6.999024e+03
+6.577181e+03	+9.879609e+03	+7.003977e+03
+6.609195e+03	+9.869161e+03	+6.964226e+03
+6.004630e+03	+8.886121e+03	+6.893658e+03
+5.981731e+03	+8.869542e+03	+6.929033e+03
+6.007824e+03	+8.836657e+03	+6.885479e+03
+1.074588e+04	+7.416551e+03	+2.491716e+03
+1.076232e+04	+7.422594e+03	+2.480099e+03
+1.077114e+04	+7.468816e+03	+2.456033e+03
+9.691517e+03	+6.386890e+03	+2.266147e+03
+9.674453e+03	+6.395628e+03	+2.260315e+03
+9.686505e+03	+6.340477e+03	+2.323371e+03
+9.986340e+03	+7.365672e+03	+1.816859e+03
+9.978864e+03	+7.331409e+03	+1.761609e+03
+9.978630e+03	+7.324558e+03	+1.762966e+03
+1.075250e+04	+8.083896e+03	+1.354980e+03
+1.079988e+04	+8.114819e+03	+1.246851e+03
+1.081922e+04	+8.170761e+03	+1.311074e+03
+1.229417e+04	+5.496963e+03	+7.273671e+03
+1.230467e+04	+5.497957e+03	+7.221008e+03
+1.230725e+04	+5.557848e+03	+7.234875e+03
+1.141390e+04	+4.642923e+03	+7.169624e+03
+1.138594e+04	+4.627835e+03	+7.259441e+03
+1.135944e+04	+4.609692e+03	+7.189522e+03
+8.931495e+03	+8.102640e+03	+3.630615e+03
+8.963115e+03	+8.107489e+03	+3.680219e+03
+8.989899e+03	+8.131067e+03	+3.667998e+03
+8.262664e+03	+7.115524e+03	+3.340039e+03
+8.218576e+03	+7.121967e+03	+3.445821e+03
+8.182989e+03	+7.092436e+03	+3.416961e+03
+6.118603e+03	+9.234397e+03	+1.002835e+04
+6.088791e+03	+9.227664e+03	+1.003891e+04
+6.074024e+03	+9.178710e+03	+1.007009e+04
+6.840666e+03	+1.076250e+04	+9.511406e+03
+6.838309e+03	+1.076682e+04	+9.540387e+03
+6.876250e+03	+1.080055e+04	+9.501061e+03
+1.343977e+04	+6.401358e+03	+2.851772e+03
+1.350856e+04	+6.393338e+03	+2.772395e+03
+1.349583e+04	+6.434337e+03	+2.867523e+03
+1.277212e+04	+5.469127e+03	+2.661863e+03
+1.276745e+04	+5.452397e+03	+2.544182e+03
+1.274442e+04	+5.393367e+03	+2.571283e+03
+1.332411e+04	+4.693537e+03	+3.886607e+03
+1.331177e+04	+4.689003e+03	+3.892785e+03
+1.328422e+04	+4.655040e+03	+3.874138e+03
+1.377535e+04	+5.672979e+03	+3.929207e+03
+1.377377e+04	+5.689368e+03	+3.961335e+03
+1.377721e+04	+5.717857e+03	+3.941826e+03
+9.894866e+03	+8.470755e+03	+1.059420e+03
+9.933567e+03	+8.455708e+03	+9.248650e+02
+9.899708e+03	+8.380584e+03	+8.861382e+02
+1.086988e+04	+9.634325e+03	+1.164566e+03
+1.091197e+04	+9.664534e+03	+1.141682e+03
+1.091612e+04	+9.683377e+03	+1.167299e+03
+9.451250e+03	+5.105214e+03	+5.269486e+03
+9.452591e+03	+5.075443e+03	+5.290164e+03
+9.432609e+03	+5.047999e+03	+5.306350e+03
+9.861693e+03	+6.140320e+03	+5.385953e+03
+9.893558e+03	+6.152830e+03	+5.396270e+03
+9.896198e+03	+6.193476e+03	+5.400644e+03
+9.197590e+03	+8.752582e+03	+7.668521e+03
+9.180355e+03	+8.726644e+03	+7.687928e+03
+9.192391e+03	+8.679956e+03	+7.632715e+03
+9.714280e+03	+9.818672e+03	+7.604443e+03
+9.706192e+03	+9.845791e+03	+7.640030e+03
+9.749531e+03	+9.864108e+03	+7.521488e+03
+1.109330e+04	+6.026418e+03	+5.071863e+03
+1.109159e+04	+6.064050e+03	+5.082851e+03
+1.107737e+04	+6.083102e+03	+5.090407e+03
+1.041026e+04	+5.199072e+03	+5.303819e+03
+1.037752e+04	+5.173708e+03	+5.291909e+03
+1.036640e+04	+5.151374e+03	+5.290379e+03
+1.263488e+04	+4.227895e+03	+6.287991e+03
+1.261251e+04	+4.220051e+03	+6.258704e+03
+1.259670e+04	+4.201782e+03	+6.294809e+03
+1.338567e+04	+5.239112e+03	+6.415486e+03
+1.337058e+04	+5.296669e+03	+6.389558e+03
+1.337882e+04	+5.319012e+03	+6.414158e+03
+7.520435e+03	+8.991233e+03	+1.971889e+03
+7.509122e+03	+8.935843e+03	+1.958911e+03
+7.494481e+03	+8.938221e+03	+2.024728e+03
+8.562976e+03	+1.020774e+04	+1.568703e+03
+8.612526e+03	+1.020844e+04	+1.561247e+03
+8.617609e+03	+1.025286e+04	+1.622018e+03
+6.768703e+03	+9.241193e+03	+8.310863e+03
+6.788262e+03	+9.240632e+03	+8.348929e+03
+6.802681e+03	+9.305701e+03	+8.354033e+03
+6.186340e+03	+7.687949e+03	+8.393147e+03
+6.156939e+03	+7.659885e+03	+8.401896e+03
+6.179749e+03	+7.618530e+03	+8.392840e+03
+7.197149e+03	+9.736874e+03	+8.988173e+03
+7.180173e+03	+9.732658e+03	+9.077589e+03
+7.174649e+03	+9.693620e+03	+9.074123e+03
+8.028729e+03	+1.091866e+04	+8.623649e+03
+8.036828e+03	+1.093633e+04	+8.674605e+03
+8.083602e+03	+1.094907e+04	+8.626838e+03
+7.062585e+03	+9.146074e+03	+1.015579e+04
+7.055287e+03	+9.169642e+03	+1.013326e+04
+7.001533e+03	+9.158455e+03	+1.013436e+04
+8.477066e+03	+8.542195e+03	+9.740064e+03
+8.496230e+03	+8.553686e+03	+9.743621e+03
+8.537948e+03	+8.487192e+03	+9.702196e+03
+7.951754e+03	+9.518397e+03	+4.922199e+03
+7.950685e+03	+9.536413e+03	+4.928297e+03
+7.903394e+03	+9.535210e+03	+4.880394e+03
+9.413256e+03	+8.647391e+03	+4.900212e+03
+9.443165e+03	+8.642796e+03	+4.918132e+03
+9.450875e+03	+8.620063e+03	+4.951723e+03
+7.074308e+03	+7.392315e+03	+5.668098e+03
+7.094370e+03	+7.375109e+03	+5.672282e+03
+7.113935e+03	+7.354210e+03	+5.700786e+03
+6.124480e+03	+8.128774e+03	+5.123791e+03
+6.132930e+03	+8.163792e+03	+5.163220e+03
+6.087326e+03	+8.165717e+03	+5.121753e+03
+6.580462e+03	+7.232777e+03	+8.809495e+03
+6.603568e+03	+7.236054e+03	+8.831537e+03
+6.624048e+03	+7.205444e+03	+8.795005e+03
+5.505378e+03	+8.057091e+03	+9.110018e+03
+5.479642e+03	+8.065757e+03	+9.086656e+03
+5.454935e+03	+8.101317e+03	+9.088941e+03
+6.117261e+03	+5.226318e+03	+9.860710e+03
+6.130694e+03	+5.195496e+03	+9.834007e+03
+6.154714e+03	+5.184139e+03	+9.895582e+03
+5.138069e+03	+6.049482e+03	+9.811614e+03
+5.092191e+03	+6.032731e+03	+9.811221e+03
+5.079594e+03	+6.097365e+03	+9.795118e+03
+7.135132e+03	+7.874189e+03	+1.076910e+04
+7.115138e+03	+7.837970e+03	+1.076352e+04
+7.181898e+03	+7.849591e+03	+1.076187e+04
+6.070008e+03	+8.493687e+03	+1.069321e+04
+6.039715e+03	+8.490049e+03	+1.070688e+04
+6.012650e+03	+8.502794e+03	+1.072316e+04
+5.261548e+03	+4.394530e+03	+1.001553e+04
+5.270753e+03	+4.374367e+03	+9.930664e+03
+5.279124e+03	+4.374572e+03	+1.000958e+04
+4.356342e+03	+5.103989e+03	+1.016245e+04
+4.323066e+03	+5.114342e+03	+1.019139e+04
+4.279248e+03	+5.145521e+03	+1.024539e+04
+4.121368e+03	+6.750028e+03	+3.885844e+03
+4.103632e+03	+6.761746e+03	+3.896048e+03
+4.074695e+03	+6.758212e+03	+3.835043e+03
+5.100237e+03	+6.023726e+03	+3.979211e+03
+5.104328e+03	+6.000225e+03	+3.984048e+03
+5.133785e+03	+5.956500e+03	+3.949409e+03
+5.416986e+03	+5.615576e+03	+2.763284e+03
+5.401965e+03	+5.610085e+03	+2.629929e+03
+5.386433e+03	+5.631933e+03	+2.633153e+03
+6.784942e+03	+4.794118e+03	+3.008386e+03
+6.820623e+03	+4.803534e+03	+3.013539e+03
+6.833686e+03	+4.799301e+03	+3.017696e+03
+6.687854e+03	+1.017998e+04	+7.615126e+03
+6.683053e+03	+1.017657e+04	+7.591943e+03
+6.606975e+03	+1.016730e+04	+7.647462e+03
+7.994812e+03	+9.421646e+03	+7.474476e+03
+8.029550e+03	+9.447025e+03	+7.552676e+03
+8.035042e+03	+9.404643e+03	+7.552525e+03
+7.823244e+03	+1.047340e+04	+4.742140e+03
+7.819365e+03	+1.046162e+04	+4.713115e+03
+7.740431e+03	+1.046286e+04	+4.761262e+03
+9.445699e+03	+9.880712e+03	+4.704839e+03
+9.462760e+03	+9.902098e+03	+4.706373e+03
+9.488241e+03	+9.855042e+03	+4.650937e+03
+9.156577e+03	+6.743169e+03	+9.297079e+03
+9.152313e+03	+6.729763e+03	+9.276227e+03
+9.237642e+03	+6.729823e+03	+9.221366e+03
+8.201736e+03	+7.473547e+03	+9.751100e+03
+8.185873e+03	+7.498237e+03	+9.733911e+03
+8.178703e+03	+7.543464e+03	+9.768766e+03
+4.907695e+03	+7.535938e+03	+6.151702e+03
+4.866663e+03	+7.544263e+03	+6.168327e+03
+4.862772e+03	+7.546799e+03	+6.147651e+03
+6.572628e+03	+6.867385e+03	+6.471949e+03
+6.598426e+03	+6.854636e+03	+6.509637e+03
+6.628618e+03	+6.886698e+03	+6.506782e+03
+7.781098e+03	+8.878101e+03	+6.244647e+03
+7.774266e+03	+8.895497e+03	+6.226156e+03
+7.738088e+03	+8.931094e+03	+6.231144e+03
+8.677236e+03	+8.053249e+03	+6.121849e+03
+8.710148e+03	+8.068021e+03	+6.189983e+03
+8.722858e+03	+8.057574e+03	+6.217142e+03
+5.843226e+03	+5.944728e+03	+1.122711e+04
+5.843622e+03	+5.915121e+03	+1.126682e+04
+5.900271e+03	+5.942678e+03	+1.125081e+04
+7.702055e+03	+5.344009e+03	+1.088951e+04
+7.701020e+03	+5.329867e+03	+1.089712e+04
+7.755578e+03	+5.331007e+03	+1.087353e+04
+9.134719e+03	+4.513322e+03	+5.438244e+03
+9.171200e+03	+4.529375e+03	+5.450772e+03
+9.164611e+03	+4.556650e+03	+5.452426e+03
+7.729553e+03	+4.011097e+03	+5.711256e+03
+7.714669e+03	+4.023233e+03	+5.714648e+03
+7.664629e+03	+4.032105e+03	+5.698453e+03
+3.838581e+03	+1.104232e+04	+8.569087e+03
+3.843880e+03	+1.102063e+04	+8.535079e+03
+3.803782e+03	+1.098991e+04	+8.535587e+03
+4.482890e+03	+1.173898e+04	+8.967065e+03
+4.485661e+03	+1.175736e+04	+9.022733e+03
+4.561711e+03	+1.174684e+04	+8.973046e+03
+9.864408e+03	+4.760279e+03	+6.827677e+03
+9.893191e+03	+4.779809e+03	+6.835121e+03
+9.909589e+03	+4.788180e+03	+6.857721e+03
+8.661188e+03	+4.116970e+03	+6.738240e+03
+8.623429e+03	+4.110174e+03	+6.792473e+03
+8.590953e+03	+4.117037e+03	+6.767673e+03
+6.444761e+03	+1.012797e+04	+4.321537e+03
+6.442787e+03	+1.013229e+04	+4.236553e+03
+6.409212e+03	+1.007700e+04	+4.270647e+03
+7.442663e+03	+1.082467e+04	+4.765060e+03
+7.427166e+03	+1.086143e+04	+4.767172e+03
+7.451488e+03	+1.083253e+04	+4.795378e+03
+8.617400e+03	+7.974467e+03	+1.019475e+04
+8.620864e+03	+7.937707e+03	+1.016905e+04
+8.568280e+03	+7.947793e+03	+1.024686e+04
+9.438601e+03	+8.322686e+03	+1.046839e+04
+9.425922e+03	+8.348782e+03	+1.051552e+04
+9.466023e+03	+8.360082e+03	+1.055024e+04
+8.735833e+03	+5.710387e+03	+1.165551e+04
+8.728697e+03	+5.703180e+03	+1.169373e+04
+8.739181e+03	+5.753458e+03	+1.168127e+04
+7.812802e+03	+5.039151e+03	+1.113747e+04
+7.773729e+03	+5.052242e+03	+1.113533e+04
+7.783455e+03	+5.042778e+03	+1.109093e+04
+4.260960e+03	+1.002739e+04	+1.008277e+04
+4.239769e+03	+1.000274e+04	+1.007464e+04
+4.235300e+03	+9.947653e+03	+1.021031e+04
+5.676261e+03	+1.059112e+04	+1.005007e+04
+5.685399e+03	+1.061504e+04	+1.008213e+04
+5.691430e+03	+1.065616e+04	+1.008248e+04
+9.980743e+03	+5.714029e+03	+7.431647e+03
+9.986087e+03	+5.721752e+03	+7.346426e+03
+9.942053e+03	+5.672251e+03	+7.332767e+03
+1.089367e+04	+6.283656e+03	+7.416235e+03
+1.092808e+04	+6.280377e+03	+7.389743e+03
+1.095527e+04	+6.315637e+03	+7.378268e+03
+6.928932e+03	+1.190563e+04	+8.474539e+03
+6.948271e+03	+1.191905e+04	+8.553274e+03
+6.997233e+03	+1.194470e+04	+8.514423e+03
+6.070884e+03	+1.135018e+04	+7.998936e+03
+6.060689e+03	+1.133210e+04	+7.996726e+03
+6.041868e+03	+1.129570e+04	+7.947327e+03
+7.938723e+03	+8.542684e+03	+7.437844e+03
+7.916314e+03	+8.527998e+03	+7.433313e+03
+7.872256e+03	+8.516104e+03	+7.390390e+03
+9.089853e+03	+9.289813e+03	+7.434358e+03
+9.122067e+03	+9.337971e+03	+7.452976e+03
+9.133847e+03	+9.362092e+03	+7.382552e+03
+5.425637e+03	+1.218783e+04	+1.026212e+04
+5.444466e+03	+1.219090e+04	+1.024855e+04
+5.494703e+03	+1.218166e+04	+1.028199e+04
+4.319136e+03	+1.138441e+04	+1.014926e+04
+4.312370e+03	+1.137644e+04	+1.015319e+04
+4.304318e+03	+1.133197e+04	+1.015001e+04
+6.680441e+03	+7.651547e+03	+9.853800e+03
+6.701357e+03	+7.638186e+03	+9.815213e+03
+6.729480e+03	+7.681721e+03	+9.844245e+03
+5.729992e+03	+7.055722e+03	+9.809022e+03
+5.714231e+03	+7.030740e+03	+9.783288e+03
+5.702170e+03	+7.002923e+03	+9.746684e+03
+7.587250e+03	+4.570841e+03	+1.043962e+04
+7.605624e+03	+4.531829e+03	+1.042408e+04
+7.633338e+03	+4.585051e+03	+1.049152e+04
+6.316668e+03	+4.145088e+03	+9.880892e+03
+6.286627e+03	+4.120892e+03	+9.893683e+03
+6.256364e+03	+4.144254e+03	+9.842218e+03
+1.037291e+04	+8.763146e+03	+8.765051e+03
+1.033065e+04	+8.797852e+03	+8.839902e+03
+1.029996e+04	+8.829519e+03	+8.860141e+03
+1.063108e+04	+7.635174e+03	+8.697383e+03
+1.062948e+04	+7.603305e+03	+8.727868e+03
+1.060132e+04	+7.563531e+03	+8.699811e+03
+4.924565e+03	+6.273134e+03	+1.006501e+04
+4.931049e+03	+6.282883e+03	+1.006571e+04
+4.930684e+03	+6.340578e+03	+1.008385e+04
+5.413853e+03	+4.755204e+03	+1.026985e+04
+5.395757e+03	+4.698993e+03	+1.028317e+04
+5.420679e+03	+4.672956e+03	+1.031122e+04
+7.834595e+03	+6.526294e+03	+2.371680e+03
+7.823242e+03	+6.550197e+03	+2.337841e+03
+7.830062e+03	+6.552693e+03	+2.322493e+03
+7.624314e+03	+5.505064e+03	+2.756499e+03
+7.678311e+03	+5.478778e+03	+2.590348e+03
+7.649500e+03	+5.445269e+03	+2.631454e+03
+4.645545e+03	+5.698087e+03	+8.098560e+03
+4.644350e+03	+5.710199e+03	+8.066498e+03
+4.659743e+03	+5.743904e+03	+8.046703e+03
+4.621935e+03	+4.183504e+03	+8.682456e+03
+4.613226e+03	+4.163719e+03	+8.666920e+03
+4.609826e+03	+4.128213e+03	+8.680440e+03
+9.095948e+03	+6.624573e+03	+1.022952e+04
+9.092970e+03	+6.631150e+03	+1.026207e+04
+9.060649e+03	+6.657358e+03	+1.029093e+04
+9.180280e+03	+5.149631e+03	+9.942070e+03
+9.164492e+03	+5.128916e+03	+9.942969e+03
+9.161410e+03	+5.086431e+03	+9.945792e+03
+7.874524e+03	+7.111043e+03	+5.750229e+03
+7.875691e+03	+7.145366e+03	+5.787251e+03
+7.895823e+03	+7.177494e+03	+5.786145e+03
+7.833309e+03	+5.783672e+03	+6.160996e+03
+7.834641e+03	+5.770560e+03	+6.126301e+03
+7.809646e+03	+5.730228e+03	+6.147250e+03
+3.541945e+03	+5.959335e+03	+8.531869e+03
+3.567934e+03	+5.959870e+03	+8.525430e+03
+3.574869e+03	+5.910718e+03	+8.523778e+03
+3.604257e+03	+7.412771e+03	+8.493383e+03
+3.587746e+03	+7.457726e+03	+8.556431e+03
+3.609274e+03	+7.493116e+03	+8.534746e+03
+6.960024e+03	+6.937463e+03	+8.125966e+03
+7.000887e+03	+6.914741e+03	+8.118550e+03
+7.020566e+03	+6.895741e+03	+8.055686e+03
+6.865582e+03	+8.020351e+03	+8.860861e+03
+6.885455e+03	+8.096247e+03	+8.809458e+03
+6.883280e+03	+8.112198e+03	+8.816455e+03
+5.987281e+03	+7.323883e+03	+9.865420e+03
+5.986039e+03	+7.347014e+03	+9.847088e+03
+5.985510e+03	+7.395053e+03	+9.863473e+03
+6.390486e+03	+5.537770e+03	+9.351958e+03
+6.365118e+03	+5.468380e+03	+9.390198e+03
+6.395646e+03	+5.446229e+03	+9.356254e+03
+9.627681e+03	+6.126663e+03	+8.307334e+03
+9.620386e+03	+6.105618e+03	+8.278351e+03
+9.642202e+03	+6.062509e+03	+8.255605e+03
+9.537164e+03	+7.161066e+03	+8.361860e+03
+9.555273e+03	+7.188673e+03	+8.363224e+03
+9.515688e+03	+7.210341e+03	+8.347730e+03
+7.647830e+03	+6.078070e+03	+1.105909e+04
+7.643721e+03	+6.100292e+03	+1.109791e+04
+7.665464e+03	+6.166348e+03	+1.111886e+04
+7.890002e+03	+4.370438e+03	+1.068623e+04
+7.878690e+03	+4.335859e+03	+1.074979e+04
+7.883307e+03	+4.315908e+03	+1.075446e+04
+5.586939e+03	+4.414421e+03	+3.363374e+03
+5.573362e+03	+4.364230e+03	+3.340175e+03
+5.525750e+03	+4.407104e+03	+3.351686e+03
+7.184395e+03	+4.302069e+03	+3.389192e+03
+7.230118e+03	+4.306541e+03	+3.372430e+03
+7.259087e+03	+4.302541e+03	+3.381747e+03
+5.151859e+03	+6.200182e+03	+8.024000e+03
+5.180154e+03	+6.199735e+03	+7.925050e+03
+5.216319e+03	+6.188740e+03	+7.974199e+03
+3.891330e+03	+6.060482e+03	+8.024609e+03
+3.865005e+03	+6.057635e+03	+8.007184e+03
+3.825676e+03	+6.084275e+03	+8.002684e+03
+6.501579e+03	+9.095009e+03	+8.098817e+03
+6.466219e+03	+9.111279e+03	+8.091488e+03
+6.428213e+03	+9.101772e+03	+8.127532e+03
+7.921495e+03	+8.970802e+03	+8.219014e+03
+7.947982e+03	+8.953117e+03	+8.219019e+03
+7.983530e+03	+8.925939e+03	+8.218167e+03
+8.353124e+03	+7.633603e+03	+7.849683e+03
+8.390485e+03	+7.675273e+03	+7.814256e+03
+8.430702e+03	+7.676925e+03	+7.794035e+03
+7.059627e+03	+7.359119e+03	+7.744900e+03
+7.038909e+03	+7.374742e+03	+7.735281e+03
+6.980770e+03	+7.382952e+03	+7.729672e+03
+6.225031e+03	+1.020982e+04	+5.295844e+03
+6.241620e+03	+1.018452e+04	+5.373622e+03
+6.254228e+03	+1.018240e+04	+5.299095e+03
+7.573286e+03	+1.006777e+04	+5.690526e+03
+7.598957e+03	+1.005849e+04	+5.733079e+03
+7.615340e+03	+1.007346e+04	+5.668058e+03
+6.055530e+03	+5.173908e+03	+2.706555e+03
+6.030230e+03	+5.160057e+03	+2.700418e+03
+5.987236e+03	+5.164281e+03	+2.795719e+03
+6.449698e+03	+6.157871e+03	+2.379983e+03
+6.494073e+03	+6.146493e+03	+2.284062e+03
+6.499876e+03	+6.157442e+03	+2.296775e+03
+4.332162e+03	+9.385069e+03	+3.139985e+03
+4.302364e+03	+9.434592e+03	+3.172675e+03
+4.278314e+03	+9.400380e+03	+3.198871e+03
+5.988367e+03	+9.544381e+03	+2.835599e+03
+6.007526e+03	+9.570709e+03	+2.791369e+03
+6.037891e+03	+9.540222e+03	+2.855459e+03
+5.132207e+03	+6.628439e+03	+1.007773e+04
+5.138148e+03	+6.598267e+03	+1.009981e+04
+5.192198e+03	+6.587210e+03	+1.009825e+04
+3.575383e+03	+6.646450e+03	+9.736976e+03
+3.545899e+03	+6.673478e+03	+9.751602e+03
+3.507977e+03	+6.687861e+03	+9.734462e+03
+6.595830e+03	+1.027109e+04	+8.415588e+03
+6.589897e+03	+1.025877e+04	+8.415000e+03
+6.541708e+03	+1.024893e+04	+8.338020e+03
+8.177447e+03	+1.016510e+04	+8.878563e+03
+8.190850e+03	+1.016636e+04	+8.838932e+03
+8.253590e+03	+1.016325e+04	+8.803869e+03
+5.061100e+03	+1.195101e+04	+7.810138e+03
+5.026317e+03	+1.194392e+04	+7.830830e+03
+5.003210e+03	+1.193250e+04	+7.784669e+03
+6.264362e+03	+1.207026e+04	+7.700262e+03
+6.290171e+03	+1.208793e+04	+7.730442e+03
+6.323362e+03	+1.208372e+04	+7.695045e+03
+6.629226e+03	+5.537514e+03	+4.468723e+03
+6.642067e+03	+5.531375e+03	+4.469051e+03
+6.669487e+03	+5.522795e+03	+4.439511e+03
+4.959602e+03	+5.622724e+03	+4.607530e+03
+4.936587e+03	+5.618473e+03	+4.642213e+03
+4.871117e+03	+5.616610e+03	+4.753157e+03
+4.099511e+03	+7.821573e+03	+1.072361e+04
+4.050114e+03	+7.835401e+03	+1.074168e+04
+4.040626e+03	+7.874330e+03	+1.074589e+04
+5.651710e+03	+7.541875e+03	+1.095619e+04
+5.643745e+03	+7.519166e+03	+1.105772e+04
+5.694589e+03	+7.524908e+03	+1.105083e+04
