_____20. 7. 2022_____
 comment:	Exmpl_S16.7.2_NC-NN_DMSO_meta-eprometa_2st
 nostates:	2
 nomarkers:	2
 dim:	3
 nodata:	1006





+6.455458e+03	+6.766395e+03	+7.048472e+03
+6.456964e+03	+6.794833e+03	+7.062995e+03
+6.263191e+03	+7.713678e+03	+7.239029e+03
+6.269238e+03	+7.687860e+03	+7.204008e+03
+6.289336e+03	+4.773649e+03	+7.902772e+03
+6.330844e+03	+4.759598e+03	+7.884566e+03
+5.492282e+03	+5.211715e+03	+7.610775e+03
+5.511685e+03	+5.234754e+03	+7.580306e+03
+8.908949e+03	+8.284546e+03	+3.715699e+03
+8.885728e+03	+8.301644e+03	+3.641776e+03
+1.004614e+04	+7.513145e+03	+3.824750e+03
+1.006834e+04	+7.488226e+03	+3.826190e+03
+7.249970e+03	+3.921951e+03	+4.261180e+03
+7.252569e+03	+3.952371e+03	+4.244237e+03
+8.221195e+03	+3.683161e+03	+3.928262e+03
+8.250724e+03	+3.676464e+03	+3.985920e+03
+9.778161e+03	+7.979513e+03	+4.763602e+03
+9.735851e+03	+7.992537e+03	+4.786870e+03
+1.108564e+04	+7.514357e+03	+4.793777e+03
+1.109558e+04	+7.462237e+03	+4.700969e+03
+8.566149e+03	+9.819269e+03	+3.273424e+03
+8.514513e+03	+9.794012e+03	+3.350789e+03
+9.173814e+03	+9.013346e+03	+2.865962e+03
+9.131156e+03	+9.012783e+03	+2.853659e+03
+8.384746e+03	+1.012695e+04	+4.911588e+03
+8.383965e+03	+1.009297e+04	+4.799583e+03
+7.326263e+03	+1.037124e+04	+5.053641e+03
+7.282144e+03	+1.035971e+04	+5.019736e+03
+4.727568e+03	+4.258267e+03	+5.529365e+03
+4.716794e+03	+4.285934e+03	+5.487609e+03
+5.440824e+03	+3.406295e+03	+6.215406e+03
+5.482513e+03	+3.425686e+03	+6.224155e+03
+9.074564e+03	+5.987079e+03	+2.524283e+03
+9.121707e+03	+6.003050e+03	+2.497198e+03
+7.580607e+03	+6.791181e+03	+2.764521e+03
+7.562960e+03	+6.792615e+03	+2.870704e+03
+6.687464e+03	+4.867505e+03	+2.603301e+03
+6.657026e+03	+4.885753e+03	+2.641922e+03
+7.983973e+03	+4.226351e+03	+3.018181e+03
+7.995641e+03	+4.243125e+03	+3.032484e+03
+1.065465e+04	+8.544574e+03	+2.313678e+03
+1.068445e+04	+8.531196e+03	+2.365080e+03
+9.578380e+03	+9.171374e+03	+2.156869e+03
+9.535279e+03	+9.181971e+03	+2.219810e+03
+5.761944e+03	+5.125448e+03	+6.073251e+03
+5.766143e+03	+5.144815e+03	+6.100720e+03
+6.438493e+03	+4.108187e+03	+6.379478e+03
+6.477956e+03	+4.075027e+03	+6.389978e+03
+5.455385e+03	+8.676587e+03	+3.672359e+03
+5.432589e+03	+8.632695e+03	+3.667245e+03
+6.318202e+03	+9.273358e+03	+3.917415e+03
+6.328926e+03	+9.273987e+03	+3.985546e+03
+6.417136e+03	+5.038706e+03	+5.239890e+03
+6.359527e+03	+5.046300e+03	+5.233410e+03
+7.347729e+03	+5.606766e+03	+5.325978e+03
+7.366518e+03	+5.610713e+03	+5.277459e+03
+8.414973e+03	+9.582697e+03	+5.559665e+03
+8.420299e+03	+9.602623e+03	+5.516765e+03
+8.006547e+03	+8.724293e+03	+6.320517e+03
+8.014022e+03	+8.746460e+03	+6.260903e+03
+6.219563e+03	+7.008072e+03	+1.529788e+03
+6.228352e+03	+7.019266e+03	+1.575792e+03
+5.005915e+03	+6.283251e+03	+1.855187e+03
+4.977518e+03	+6.248554e+03	+1.901585e+03
+5.925943e+03	+7.535809e+03	+2.669466e+03
+5.891256e+03	+7.535238e+03	+2.654067e+03
+6.978882e+03	+7.844738e+03	+2.781905e+03
+7.000562e+03	+7.882171e+03	+2.733282e+03
+9.826607e+03	+3.776214e+03	+4.139322e+03
+9.820419e+03	+3.797128e+03	+4.192589e+03
+9.080965e+03	+2.909441e+03	+4.327281e+03
+9.028652e+03	+2.943932e+03	+4.331152e+03
+5.963441e+03	+4.067469e+03	+6.589190e+03
+5.934713e+03	+4.037618e+03	+6.548895e+03
+6.948670e+03	+4.566142e+03	+6.592257e+03
+6.974408e+03	+4.612181e+03	+6.603365e+03
+4.611251e+03	+8.521251e+03	+4.170194e+03
+4.556818e+03	+8.493387e+03	+4.181693e+03
+5.647851e+03	+9.512429e+03	+4.235699e+03
+5.699466e+03	+9.517905e+03	+4.259605e+03
+6.055130e+03	+1.108669e+04	+6.450463e+03
+6.104193e+03	+1.105812e+04	+6.500137e+03
+5.546323e+03	+1.024160e+04	+6.505231e+03
+5.569406e+03	+1.025982e+04	+6.525847e+03
+3.872423e+03	+1.039685e+04	+5.157252e+03
+3.917930e+03	+1.040734e+04	+5.161598e+03
+2.765328e+03	+9.754445e+03	+5.260421e+03
+2.760466e+03	+9.722582e+03	+5.245723e+03
+6.285754e+03	+9.330935e+03	+5.441941e+03
+6.265689e+03	+9.281321e+03	+5.366564e+03
+7.212827e+03	+1.014717e+04	+5.613347e+03
+7.240729e+03	+1.016391e+04	+5.584103e+03
+6.624532e+03	+9.260088e+03	+6.900752e+03
+6.595307e+03	+9.266714e+03	+6.950728e+03
+7.621155e+03	+9.613096e+03	+6.461234e+03
+7.664767e+03	+9.598128e+03	+6.458705e+03
+6.208554e+03	+8.037666e+03	+2.453157e+03
+6.260592e+03	+8.050687e+03	+2.444434e+03
+4.631891e+03	+8.124648e+03	+2.174143e+03
+4.586867e+03	+8.128019e+03	+2.223072e+03
+4.761115e+03	+1.017398e+04	+1.531114e+03
+4.719125e+03	+1.017809e+04	+1.556432e+03
+6.171897e+03	+1.002182e+04	+1.512106e+03
+6.193524e+03	+9.991772e+03	+1.557707e+03
+3.696754e+03	+2.069700e+03	+3.598368e+03
+3.660145e+03	+2.118707e+03	+3.592517e+03
+5.276493e+03	+1.897363e+03	+3.902650e+03
+5.309474e+03	+1.980349e+03	+3.910858e+03
+6.727403e+03	+7.345217e+03	+9.004179e+02
+6.765438e+03	+7.321744e+03	+9.400335e+02
+5.518268e+03	+8.008446e+03	+1.474821e+03
+5.566045e+03	+7.986837e+03	+1.499118e+03
+4.995957e+03	+3.358770e+03	+5.118710e+03
+5.022769e+03	+3.316099e+03	+5.041441e+03
+3.491601e+03	+3.910371e+03	+4.662043e+03
+3.503945e+03	+3.937702e+03	+4.620801e+03
+6.667132e+03	+1.063669e+04	+1.773993e+03
+6.719030e+03	+1.061980e+04	+1.803439e+03
+5.246133e+03	+1.110529e+04	+2.117652e+03
+5.174949e+03	+1.112214e+04	+2.132030e+03
+7.048483e+03	+8.826187e+03	+2.509467e+03
+7.067849e+03	+8.775128e+03	+2.469691e+03
+5.381767e+03	+9.484984e+03	+2.545131e+03
+5.337301e+03	+9.511142e+03	+2.578756e+03
+7.221448e+03	+9.696437e+03	+3.320468e+03
+7.237494e+03	+9.672512e+03	+3.362326e+03
+5.640677e+03	+1.021101e+04	+2.874045e+03
+5.569287e+03	+1.021167e+04	+2.826315e+03
+4.470748e+03	+6.758110e+03	+1.036446e+03
+4.430899e+03	+6.769525e+03	+9.802982e+02
+6.532644e+03	+6.630842e+03	+1.375557e+03
+6.581347e+03	+6.666635e+03	+1.397137e+03
+6.993896e+03	+5.767933e+03	+2.782837e+03
+7.037584e+03	+5.743633e+03	+2.701753e+03
+5.478643e+03	+6.044911e+03	+2.462371e+03
+5.417835e+03	+6.008173e+03	+2.487338e+03
+6.826172e+03	+8.697239e+03	+1.565233e+03
+6.790765e+03	+8.677114e+03	+1.606973e+03
+7.992454e+03	+8.333874e+03	+1.404056e+03
+8.032749e+03	+8.311970e+03	+1.445421e+03
+8.071721e+03	+8.707934e+03	+2.253060e+03
+8.050069e+03	+8.727883e+03	+2.263952e+03
+9.432387e+03	+8.649882e+03	+2.544768e+03
+9.489046e+03	+8.631072e+03	+2.527599e+03
+7.803514e+03	+8.810892e+03	+3.964233e+03
+7.836669e+03	+8.791562e+03	+3.950924e+03
+6.375195e+03	+9.125536e+03	+3.723406e+03
+6.360017e+03	+9.115480e+03	+3.724885e+03
+7.944214e+03	+8.248394e+03	+6.633479e+03
+7.898761e+03	+8.307046e+03	+6.667796e+03
+6.646806e+03	+8.308960e+03	+6.253351e+03
+6.599128e+03	+8.355628e+03	+6.271036e+03
+7.826088e+03	+6.816305e+03	+4.689051e+03
+7.818933e+03	+6.786989e+03	+4.726487e+03
+6.718133e+03	+7.532171e+03	+4.706667e+03
+6.687307e+03	+7.565592e+03	+4.691620e+03
+7.141582e+03	+8.589140e+03	+5.266315e+03
+7.186511e+03	+8.570869e+03	+5.261806e+03
+6.011173e+03	+8.917308e+03	+5.127173e+03
+5.992928e+03	+8.960877e+03	+5.108492e+03
+7.237155e+03	+1.100222e+04	+6.174886e+02
+7.183091e+03	+1.098670e+04	+5.682349e+02
+8.401498e+03	+1.070178e+04	+1.872224e+02
+8.458039e+03	+1.069185e+04	+3.563161e+02
+7.375983e+03	+1.037527e+04	+1.274482e+03
+7.348230e+03	+1.035617e+04	+1.273208e+03
+8.703953e+03	+1.000471e+04	+1.393355e+03
+8.770014e+03	+1.001336e+04	+1.488035e+03
+8.154273e+03	+1.155912e+04	+5.898403e+03
+8.102350e+03	+1.153182e+04	+5.861797e+03
+9.355357e+03	+1.111101e+04	+5.828762e+03
+9.358816e+03	+1.106630e+04	+5.752772e+03
+8.951986e+03	+9.285459e+03	+6.788075e+03
+8.962064e+03	+9.283999e+03	+6.774846e+03
+7.953085e+03	+9.720201e+03	+6.765230e+03
+7.898950e+03	+9.769833e+03	+6.631889e+03
+9.164278e+03	+9.001995e+03	+5.516001e+03
+9.224529e+03	+8.978830e+03	+5.460956e+03
+8.050782e+03	+8.705933e+03	+5.376682e+03
+8.090627e+03	+8.740357e+03	+5.442243e+03
+7.114196e+03	+7.889480e+03	+6.907417e+02
+7.080561e+03	+7.881076e+03	+6.220372e+02
+8.505793e+03	+7.752541e+03	+7.033126e+02
+8.530746e+03	+7.733140e+03	+6.254789e+02
+8.123535e+03	+7.422971e+03	+2.373463e+03
+8.162998e+03	+7.399977e+03	+2.414097e+03
+6.916777e+03	+8.066429e+03	+2.319543e+03
+6.884192e+03	+8.101250e+03	+2.344650e+03
+7.922109e+03	+5.118981e+03	+2.235455e+03
+7.990789e+03	+5.102745e+03	+2.275318e+03
+7.458607e+03	+6.412080e+03	+2.299798e+03
+7.434379e+03	+6.436657e+03	+2.301288e+03
+7.733777e+03	+4.941185e+03	+5.866672e+03
+7.715771e+03	+4.901601e+03	+5.829357e+03
+7.496843e+03	+6.048393e+03	+6.202361e+03
+7.504584e+03	+6.106627e+03	+6.201446e+03
+6.621481e+03	+5.679437e+03	+5.273185e+03
+6.581244e+03	+5.720606e+03	+5.300660e+03
+6.988319e+03	+4.656169e+03	+5.102961e+03
+7.011728e+03	+4.630623e+03	+5.022322e+03
+6.223267e+03	+5.976814e+03	+6.136968e+03
+6.229109e+03	+6.017070e+03	+6.128688e+03
+6.087933e+03	+4.509326e+03	+6.043541e+03
+6.121430e+03	+4.443775e+03	+6.021851e+03
+1.131387e+04	+6.896529e+03	+2.165992e+03
+1.132123e+04	+6.844288e+03	+2.208740e+03
+1.076383e+04	+7.992113e+03	+2.311438e+03
+1.077677e+04	+8.030765e+03	+2.301079e+03
+1.187234e+04	+6.617192e+03	+2.271678e+03
+1.183300e+04	+6.579830e+03	+2.340082e+03
+1.162418e+04	+7.993900e+03	+2.464592e+03
+1.157008e+04	+8.023581e+03	+2.505550e+03
+1.081568e+04	+6.707005e+03	+4.355233e+03
+1.083847e+04	+6.759584e+03	+4.497987e+03
+1.062060e+04	+5.397638e+03	+4.357398e+03
+1.058604e+04	+5.363895e+03	+4.397835e+03
+6.065741e+03	+5.597966e+03	+1.490368e+03
+6.048972e+03	+5.533714e+03	+1.561546e+03
+5.825838e+03	+7.122430e+03	+1.884795e+03
+5.791157e+03	+7.129855e+03	+1.950268e+03
+1.041223e+04	+5.149707e+03	+6.084826e+03
+1.039056e+04	+5.105196e+03	+6.064240e+03
+1.032097e+04	+6.547885e+03	+6.272343e+03
+1.030169e+04	+6.607441e+03	+6.230679e+03
+9.524527e+03	+7.056829e+03	+6.194838e+03
+9.539377e+03	+7.084750e+03	+6.169963e+03
+9.646824e+03	+5.704739e+03	+6.236357e+03
+9.636933e+03	+5.682806e+03	+6.255456e+03
+1.247542e+04	+6.055920e+03	+2.652071e+03
+1.244609e+04	+6.011874e+03	+2.670836e+03
+1.239657e+04	+7.383881e+03	+2.931002e+03
+1.238135e+04	+7.399114e+03	+2.985996e+03
+5.258280e+03	+4.731178e+03	+5.851377e+03
+5.266278e+03	+4.676639e+03	+5.834279e+03
+4.702224e+03	+3.646407e+03	+5.497063e+03
+4.781023e+03	+3.645273e+03	+5.519030e+03
+8.918494e+03	+6.590581e+03	+5.274607e+03
+8.936037e+03	+6.641553e+03	+5.246329e+03
+9.130498e+03	+5.479259e+03	+5.031964e+03
+9.155974e+03	+5.433810e+03	+4.888740e+03
+9.079379e+03	+6.154924e+03	+6.935464e+03
+9.055523e+03	+6.210646e+03	+6.945842e+03
+9.171021e+03	+4.943549e+03	+6.564424e+03
+9.191206e+03	+4.956331e+03	+6.574917e+03
+5.629771e+03	+6.157431e+03	+3.202691e+03
+5.617326e+03	+6.173264e+03	+3.239297e+03
+5.367265e+03	+4.650251e+03	+2.839458e+03
+5.358961e+03	+4.620542e+03	+2.761154e+03
+7.643810e+03	+3.842360e+03	+6.572581e+03
+7.626589e+03	+3.834181e+03	+6.573828e+03
+7.193753e+03	+5.394967e+03	+6.953316e+03
+7.165914e+03	+5.429344e+03	+6.982366e+03
+4.153765e+03	+4.830201e+03	+3.773482e+03
+4.192115e+03	+4.811296e+03	+3.790575e+03
+4.089332e+03	+6.070060e+03	+4.039950e+03
+4.102846e+03	+6.073266e+03	+3.917486e+03
+3.529760e+03	+5.241479e+03	+5.197898e+03
+3.568446e+03	+5.286155e+03	+5.191367e+03
+3.967026e+03	+3.962082e+03	+4.867484e+03
+3.995787e+03	+3.929428e+03	+4.843537e+03
+5.205987e+03	+5.572412e+03	+1.497189e+03
+5.270114e+03	+5.536119e+03	+1.553172e+03
+4.850584e+03	+7.013794e+03	+1.738059e+03
+4.852939e+03	+7.029031e+03	+1.757446e+03
+1.252105e+04	+7.643511e+03	+4.769084e+03
+1.249255e+04	+7.653262e+03	+4.751417e+03
+1.287234e+04	+6.282690e+03	+4.585287e+03
+1.285606e+04	+6.217805e+03	+4.517646e+03
+1.290364e+04	+5.256476e+03	+5.937079e+03
+1.284269e+04	+5.226993e+03	+5.881812e+03
+1.268320e+04	+6.702858e+03	+6.098715e+03
+1.265910e+04	+6.743965e+03	+6.119460e+03
+6.638121e+03	+5.222708e+03	+7.301245e+03
+6.666604e+03	+5.297344e+03	+7.306919e+03
+6.879999e+03	+3.981052e+03	+7.066123e+03
+6.897100e+03	+3.956120e+03	+7.064463e+03
+1.119566e+04	+6.327996e+03	+6.596509e+03
+1.119086e+04	+6.389591e+03	+6.548045e+03
+1.151899e+04	+4.927135e+03	+6.599696e+03
+1.152216e+04	+4.903123e+03	+6.594298e+03
+8.883801e+03	+8.910974e+03	+4.866407e+03
+8.905133e+03	+8.938160e+03	+4.906633e+03
+7.784706e+03	+8.999033e+03	+4.571844e+03
+7.747284e+03	+9.034793e+03	+4.541219e+03
+8.616326e+03	+1.006991e+04	+6.417459e+03
+8.656853e+03	+1.003372e+04	+6.372830e+03
+7.212989e+03	+1.063037e+04	+5.826870e+03
+7.170092e+03	+1.061271e+04	+5.781624e+03
+5.719396e+03	+8.181713e+03	+6.707330e+03
+5.687939e+03	+8.227153e+03	+6.706397e+03
+6.761544e+03	+7.763810e+03	+7.406567e+03
+6.830654e+03	+7.737332e+03	+7.440081e+03
+5.217926e+03	+1.096692e+04	+5.746595e+03
+5.169852e+03	+1.095650e+04	+5.707224e+03
+6.439688e+03	+1.109937e+04	+6.690079e+03
+6.485519e+03	+1.106733e+04	+6.682905e+03
+4.743872e+03	+1.051873e+04	+7.067802e+03
+4.702002e+03	+1.052543e+04	+7.083120e+03
+5.804986e+03	+1.029593e+04	+7.561364e+03
+5.839344e+03	+1.022731e+04	+7.600970e+03
+3.954299e+03	+5.023085e+03	+6.972311e+03
+3.931872e+03	+5.030935e+03	+7.003083e+03
+5.222638e+03	+4.797108e+03	+7.721475e+03
+5.302248e+03	+4.818402e+03	+7.780768e+03
+6.332732e+03	+7.304717e+03	+3.030452e+03
+6.271873e+03	+7.285681e+03	+3.017426e+03
+7.622407e+03	+7.009963e+03	+3.526454e+03
+7.631386e+03	+7.037528e+03	+3.575322e+03
+6.921440e+03	+8.132287e+03	+3.049994e+03
+6.870424e+03	+8.158198e+03	+2.982080e+03
+8.227682e+03	+8.079398e+03	+3.649620e+03
+8.257527e+03	+8.077009e+03	+3.770415e+03
+6.326972e+03	+1.073517e+04	+4.245160e+03
+6.266015e+03	+1.072264e+04	+4.224718e+03
+7.797819e+03	+1.073736e+04	+4.604766e+03
+7.814666e+03	+1.073575e+04	+4.602429e+03
+5.789420e+03	+2.812036e+03	+6.450891e+03
+5.845460e+03	+2.805567e+03	+6.520233e+03
+4.293534e+03	+2.828965e+03	+6.872398e+03
+4.270201e+03	+2.836885e+03	+6.923021e+03
+7.504406e+03	+4.345460e+03	+4.212004e+03
+7.534456e+03	+4.374906e+03	+4.242452e+03
+6.339577e+03	+4.642967e+03	+3.439714e+03
+6.284537e+03	+4.665751e+03	+3.381999e+03
+4.868058e+03	+8.734551e+03	+7.482350e+03
+4.911606e+03	+8.714489e+03	+7.553236e+03
+3.738902e+03	+8.578907e+03	+7.144663e+03
+3.724950e+03	+8.593521e+03	+7.148745e+03
+5.742470e+03	+1.880580e+03	+5.478246e+03
+5.717263e+03	+1.875155e+03	+5.489819e+03
+7.226086e+03	+2.009847e+03	+6.211453e+03
+7.288131e+03	+1.993221e+03	+6.189273e+03
+8.671376e+03	+7.273710e+03	+6.708265e+03
+8.747930e+03	+7.271026e+03	+6.741567e+03
+7.383389e+03	+7.433243e+03	+6.258614e+03
+7.343476e+03	+7.416909e+03	+6.222234e+03
+4.682512e+03	+9.308909e+03	+4.491600e+03
+4.662688e+03	+9.343161e+03	+4.385808e+03
+6.103949e+03	+9.389042e+03	+5.030886e+03
+6.154738e+03	+9.432528e+03	+5.045919e+03
+8.587079e+03	+6.060887e+03	+5.939039e+03
+8.632897e+03	+6.038947e+03	+5.923544e+03
+7.130910e+03	+6.174689e+03	+5.462588e+03
+7.045575e+03	+6.164841e+03	+5.301745e+03
+8.399651e+03	+9.368197e+03	+3.988827e+03
+8.441715e+03	+9.384341e+03	+4.015939e+03
+6.544617e+03	+9.418454e+03	+3.872191e+03
+6.491986e+03	+9.375369e+03	+3.876333e+03
+7.087451e+03	+8.624937e+03	+5.250291e+03
+7.118945e+03	+8.626749e+03	+5.291266e+03
+5.534357e+03	+8.765261e+03	+5.712430e+03
+5.537296e+03	+8.792841e+03	+5.624131e+03
+5.557384e+03	+8.794197e+03	+3.275290e+03
+5.482180e+03	+8.837511e+03	+3.263098e+03
+6.666970e+03	+8.853340e+03	+3.168987e+03
+6.701544e+03	+8.823179e+03	+3.140857e+03
+5.354953e+03	+1.028231e+04	+5.910797e+03
+5.301487e+03	+1.030439e+04	+5.918721e+03
+6.138030e+03	+9.905309e+03	+6.633275e+03
+6.207656e+03	+9.926131e+03	+6.641689e+03
+6.954269e+03	+6.708232e+03	+4.203113e+03
+6.980227e+03	+6.703622e+03	+4.223226e+03
+5.584092e+03	+6.858592e+03	+4.009390e+03
+5.521381e+03	+6.854496e+03	+4.097185e+03
+4.540069e+03	+4.565356e+03	+6.378550e+03
+4.520179e+03	+4.563853e+03	+6.368606e+03
+5.677433e+03	+4.563512e+03	+6.949003e+03
+5.729190e+03	+4.574781e+03	+7.022325e+03
+5.907577e+03	+6.721983e+03	+2.998575e+03
+5.847182e+03	+6.711284e+03	+2.921302e+03
+7.276461e+03	+6.379970e+03	+3.490693e+03
+7.309190e+03	+6.392983e+03	+3.463428e+03
+5.655166e+03	+7.074964e+03	+7.401817e+03
+5.702601e+03	+7.051601e+03	+7.486963e+03
+4.520015e+03	+7.194159e+03	+6.878939e+03
+4.454037e+03	+7.131800e+03	+6.763522e+03
+1.351224e+04	+6.007885e+03	+4.870708e+03
+1.351166e+04	+6.019517e+03	+4.893431e+03
+1.391387e+04	+4.775503e+03	+5.252180e+03
+1.390631e+04	+4.748073e+03	+5.325327e+03
+1.056512e+04	+4.227910e+03	+6.668544e+03
+1.057342e+04	+4.250416e+03	+6.668582e+03
+1.103323e+04	+3.134632e+03	+6.562568e+03
+1.103196e+04	+3.095694e+03	+6.569893e+03
+1.229234e+04	+4.340154e+03	+4.797363e+03
+1.228066e+04	+4.301589e+03	+4.810023e+03
+1.216922e+04	+5.608618e+03	+4.525150e+03
+1.214059e+04	+5.636790e+03	+4.532247e+03
+6.275932e+03	+3.843162e+03	+5.737595e+03
+6.275328e+03	+3.813721e+03	+5.760089e+03
+6.130545e+03	+5.245239e+03	+5.327252e+03
+6.167975e+03	+5.291127e+03	+5.399954e+03
+5.885532e+03	+4.294439e+03	+6.893120e+03
+5.996647e+03	+4.244651e+03	+6.866078e+03
+5.951239e+03	+6.151428e+03	+6.443134e+03
+5.940414e+03	+6.190274e+03	+6.403239e+03
+7.893097e+03	+3.452698e+03	+5.969552e+03
+7.922991e+03	+3.422839e+03	+5.942960e+03
+7.337754e+03	+4.767131e+03	+5.407477e+03
+7.354505e+03	+4.830393e+03	+5.405557e+03
+1.427305e+04	+6.065466e+03	+5.155139e+03
+1.423462e+04	+6.072639e+03	+5.180292e+03
+1.471674e+04	+4.619549e+03	+5.503559e+03
+1.469642e+04	+4.580274e+03	+5.574599e+03
+6.722891e+03	+4.847671e+03	+3.845464e+03
+6.716459e+03	+4.866901e+03	+3.851377e+03
+6.663081e+03	+3.327187e+03	+4.018089e+03
+6.635799e+03	+3.308497e+03	+4.014145e+03
+8.309703e+03	+5.873751e+03	+7.262409e+03
+8.278828e+03	+5.899057e+03	+7.197589e+03
+8.731953e+03	+5.207759e+03	+7.104556e+03
+8.704301e+03	+5.218919e+03	+7.034866e+03
+8.863747e+03	+3.185325e+03	+2.486660e+03
+8.846025e+03	+3.265968e+03	+2.552790e+03
+9.267432e+03	+1.977337e+03	+3.143863e+03
+9.257291e+03	+1.958872e+03	+3.148939e+03
+6.235138e+03	+3.839161e+03	+2.811743e+03
+6.215943e+03	+3.856755e+03	+2.792752e+03
+6.453156e+03	+3.104710e+03	+2.750108e+03
+6.448206e+03	+3.133194e+03	+2.758353e+03
+6.397622e+03	+2.423094e+03	+3.630156e+03
+6.443406e+03	+2.449531e+03	+3.626683e+03
+6.736321e+03	+1.639891e+03	+3.479507e+03
+6.729687e+03	+1.621886e+03	+3.505727e+03
+1.258176e+04	+6.799152e+03	+5.314433e+03
+1.256214e+04	+6.829611e+03	+5.277004e+03
+1.325339e+04	+5.267578e+03	+5.902764e+03
+1.331085e+04	+5.174408e+03	+5.821358e+03
+1.069505e+04	+6.124148e+03	+7.779111e+03
+1.067224e+04	+6.163816e+03	+7.812318e+03
+1.095812e+04	+4.593349e+03	+8.225930e+03
+1.092341e+04	+4.579960e+03	+8.182689e+03
+1.115345e+04	+4.581159e+03	+6.877068e+03
+1.118753e+04	+4.602260e+03	+6.801429e+03
+1.178655e+04	+3.209239e+03	+7.224595e+03
+1.181231e+04	+3.186482e+03	+7.211459e+03
+1.192542e+04	+5.018983e+03	+5.352329e+03
+1.194640e+04	+5.046921e+03	+5.308621e+03
+1.221607e+04	+3.450733e+03	+5.662068e+03
+1.222514e+04	+3.426054e+03	+5.693364e+03
+1.186810e+04	+4.937620e+03	+7.273710e+03
+1.185744e+04	+4.966385e+03	+7.228664e+03
+1.225415e+04	+3.583203e+03	+7.667699e+03
+1.229868e+04	+3.556297e+03	+7.666189e+03
+8.933616e+03	+3.860171e+03	+7.620379e+03
+8.937782e+03	+3.823431e+03	+7.616361e+03
+8.556267e+03	+4.577851e+03	+8.000496e+03
+8.545861e+03	+4.554616e+03	+8.095952e+03
+1.080301e+04	+3.165972e+03	+3.159683e+03
+1.076193e+04	+3.140119e+03	+3.184719e+03
+1.003402e+04	+4.757258e+03	+2.727688e+03
+9.998769e+03	+4.758181e+03	+2.718230e+03
+5.092982e+03	+2.806368e+03	+7.092759e+03
+5.094925e+03	+2.835243e+03	+7.064303e+03
+4.599660e+03	+3.390607e+03	+7.167309e+03
+4.573121e+03	+3.387485e+03	+7.122426e+03
+6.857002e+03	+4.350281e+03	+6.718036e+03
+6.895504e+03	+4.373145e+03	+6.703890e+03
+5.725593e+03	+4.839069e+03	+5.999137e+03
+5.705431e+03	+4.849883e+03	+5.909531e+03
+5.081692e+03	+1.238999e+04	+5.418403e+03
+5.043137e+03	+1.230995e+04	+5.439848e+03
+6.245667e+03	+1.285905e+04	+5.666390e+03
+6.279780e+03	+1.286550e+04	+5.622577e+03
+4.515182e+03	+1.179946e+04	+7.110039e+03
+4.457400e+03	+1.175869e+04	+7.072191e+03
+5.886697e+03	+1.189228e+04	+8.024324e+03
+5.922628e+03	+1.187281e+04	+8.051386e+03
+4.885013e+03	+3.762436e+03	+8.540262e+03
+4.915576e+03	+3.776858e+03	+8.547733e+03
+3.534363e+03	+3.885832e+03	+7.968175e+03
+3.562098e+03	+3.984104e+03	+7.976906e+03
+5.279498e+03	+1.107136e+04	+8.506375e+03
+5.305646e+03	+1.107209e+04	+8.548680e+03
+3.975359e+03	+1.094005e+04	+8.019908e+03
+3.921529e+03	+1.093865e+04	+7.973725e+03
+5.240283e+03	+1.041156e+04	+7.047506e+03
+5.275656e+03	+1.043605e+04	+7.016776e+03
+3.740906e+03	+1.015289e+04	+6.494359e+03
+3.728847e+03	+1.014917e+04	+6.465445e+03
+5.825687e+03	+3.540232e+03	+5.523410e+03
+5.808736e+03	+3.529945e+03	+5.500399e+03
+7.220414e+03	+3.453493e+03	+6.070105e+03
+7.243304e+03	+3.454807e+03	+6.065605e+03
+5.158287e+03	+9.631042e+03	+5.987650e+03
+5.148352e+03	+9.629321e+03	+5.987943e+03
+6.122207e+03	+1.003457e+04	+6.539751e+03
+6.170590e+03	+1.004616e+04	+6.516424e+03
+6.659629e+03	+3.717772e+03	+5.033929e+03
+6.644270e+03	+3.683579e+03	+5.154542e+03
+8.075195e+03	+4.354802e+03	+4.944958e+03
+8.118198e+03	+4.377710e+03	+4.984788e+03
+7.124997e+03	+6.417265e+03	+6.966783e+03
+7.162956e+03	+6.412227e+03	+6.934334e+03
+5.938831e+03	+6.324113e+03	+6.709796e+03
+5.880898e+03	+6.328586e+03	+6.740220e+03
+7.301945e+03	+7.772690e+03	+4.629892e+03
+7.340582e+03	+7.764580e+03	+4.712734e+03
+5.961223e+03	+7.305311e+03	+4.311192e+03
+5.949505e+03	+7.291494e+03	+4.295336e+03
+6.417664e+03	+6.919901e+03	+8.009447e+03
+6.452196e+03	+6.957442e+03	+8.017389e+03
+5.208532e+03	+7.032272e+03	+7.677279e+03
+5.189658e+03	+7.046858e+03	+7.572437e+03
+5.832412e+03	+8.301599e+03	+3.959955e+03
+5.811199e+03	+8.260329e+03	+3.956726e+03
+7.387990e+03	+8.768242e+03	+3.974784e+03
+7.428391e+03	+8.771850e+03	+4.031829e+03
+5.493074e+03	+8.570088e+03	+5.300102e+03
+5.555541e+03	+8.592077e+03	+5.291569e+03
+4.162355e+03	+8.192359e+03	+5.252005e+03
+4.132856e+03	+8.181052e+03	+5.251277e+03
+6.698688e+03	+1.159913e+04	+7.429482e+03
+6.723733e+03	+1.158315e+04	+7.410151e+03
+5.263687e+03	+1.159789e+04	+6.680709e+03
+5.185092e+03	+1.158969e+04	+6.640970e+03
+3.640144e+03	+9.288893e+03	+8.122743e+03
+3.629899e+03	+9.248773e+03	+8.132938e+03
+5.088139e+03	+9.833306e+03	+8.581607e+03
+5.117796e+03	+9.803536e+03	+8.626706e+03
+4.170589e+03	+8.832520e+03	+8.707539e+03
+4.092186e+03	+8.836111e+03	+8.714680e+03
+5.715810e+03	+8.998714e+03	+9.155578e+03
+5.722324e+03	+9.045513e+03	+9.166318e+03
+3.757807e+03	+5.813504e+03	+7.573689e+03
+3.720240e+03	+5.801247e+03	+7.538458e+03
+5.206814e+03	+5.795134e+03	+8.505016e+03
+5.226129e+03	+5.824187e+03	+8.531698e+03
+7.413709e+03	+5.126285e+03	+3.878351e+03
+7.461915e+03	+5.160518e+03	+3.891529e+03
+6.183993e+03	+5.034846e+03	+3.872160e+03
+6.209361e+03	+5.032751e+03	+3.903932e+03
+6.878187e+03	+6.931821e+03	+3.671602e+03
+6.845131e+03	+6.916939e+03	+3.625818e+03
+8.144953e+03	+7.135761e+03	+3.693744e+03
+8.173610e+03	+7.147003e+03	+3.705812e+03
+5.510243e+03	+8.027709e+03	+7.369044e+03
+5.450441e+03	+7.988866e+03	+7.333237e+03
+6.824898e+03	+7.943745e+03	+8.066948e+03
+6.874565e+03	+7.917427e+03	+8.090905e+03
+4.994599e+03	+8.104912e+03	+8.607302e+03
+4.937512e+03	+8.106251e+03	+8.615323e+03
+6.035963e+03	+7.867528e+03	+9.070000e+03
+6.025030e+03	+7.839359e+03	+9.173034e+03
+3.796646e+03	+6.756393e+03	+8.436032e+03
+3.731878e+03	+6.750581e+03	+8.420280e+03
+5.035041e+03	+6.846152e+03	+9.003685e+03
+5.064894e+03	+6.891675e+03	+9.038494e+03
+5.829520e+03	+6.356997e+03	+2.697086e+03
+5.772513e+03	+6.392610e+03	+2.771815e+03
+7.099376e+03	+5.776276e+03	+2.553034e+03
+7.061325e+03	+5.800900e+03	+2.547966e+03
+8.734386e+03	+6.998077e+03	+4.617473e+03
+8.697716e+03	+6.914607e+03	+4.634735e+03
+9.300554e+03	+6.458449e+03	+4.116334e+03
+9.301358e+03	+6.405442e+03	+4.134607e+03
+4.651356e+03	+6.141395e+03	+5.708713e+03
+4.670521e+03	+6.179140e+03	+5.785296e+03
+6.125356e+03	+5.172830e+03	+5.915022e+03
+6.114894e+03	+5.258648e+03	+5.820639e+03
+4.229000e+03	+5.709350e+03	+3.938374e+03
+4.215005e+03	+5.732705e+03	+3.959829e+03
+4.808440e+03	+4.785753e+03	+4.124723e+03
+4.794157e+03	+4.760983e+03	+4.206941e+03
+4.127578e+03	+5.726294e+03	+6.203065e+03
+4.118406e+03	+5.762922e+03	+6.143975e+03
+5.035990e+03	+4.396429e+03	+6.690464e+03
+5.093784e+03	+4.388602e+03	+6.638551e+03
+3.693466e+03	+6.013360e+03	+6.922479e+03
+3.744278e+03	+5.981171e+03	+6.812868e+03
+3.204411e+03	+6.817867e+03	+6.630925e+03
+3.222180e+03	+6.841921e+03	+6.584246e+03
+1.063729e+04	+9.495853e+03	+4.836361e+03
+1.058933e+04	+9.498805e+03	+4.931534e+03
+1.117013e+04	+8.504951e+03	+5.011149e+03
+1.116626e+04	+8.455501e+03	+5.004217e+03
+6.888494e+03	+8.354126e+03	+6.489074e+03
+6.869565e+03	+8.383812e+03	+6.426597e+03
+7.415931e+03	+7.365784e+03	+6.759579e+03
+7.454051e+03	+7.342147e+03	+6.717585e+03
+9.963578e+03	+9.736015e+03	+4.100027e+03
+9.944446e+03	+9.659539e+03	+4.021535e+03
+8.962635e+03	+1.073638e+04	+3.833577e+03
+8.931200e+03	+1.071694e+04	+3.826059e+03
+5.055424e+03	+7.744119e+03	+4.407760e+03
+5.022882e+03	+7.775606e+03	+4.466223e+03
+4.282206e+03	+8.721183e+03	+5.309875e+03
+4.258083e+03	+8.738836e+03	+5.327137e+03
+8.749390e+03	+8.909998e+03	+5.727620e+03
+8.778630e+03	+8.955096e+03	+5.740496e+03
+9.170756e+03	+7.318159e+03	+6.224774e+03
+9.168880e+03	+7.292997e+03	+6.236858e+03
+6.936204e+03	+6.543964e+03	+4.849522e+03
+6.925864e+03	+6.492863e+03	+4.925340e+03
+5.525075e+03	+7.040032e+03	+3.976460e+03
+5.491288e+03	+7.007880e+03	+3.914797e+03
+9.017454e+03	+8.347981e+03	+8.282094e+03
+9.058491e+03	+8.345193e+03	+8.248952e+03
+8.433132e+03	+9.390656e+03	+8.047913e+03
+8.430080e+03	+9.433454e+03	+8.052196e+03
+8.796967e+03	+5.710495e+03	+3.257697e+03
+8.808479e+03	+5.678473e+03	+3.414667e+03
+8.078447e+03	+6.466728e+03	+2.726509e+03
+8.054927e+03	+6.509995e+03	+2.763323e+03
+5.480967e+03	+6.366680e+03	+4.868468e+03
+5.487513e+03	+6.317092e+03	+4.951643e+03
+6.156923e+03	+5.942284e+03	+4.591238e+03
+6.189600e+03	+5.927140e+03	+4.657834e+03
+6.000762e+03	+5.820427e+03	+6.167624e+03
+6.043104e+03	+5.798007e+03	+6.101291e+03
+5.615143e+03	+6.869039e+03	+5.833834e+03
+5.595646e+03	+6.898541e+03	+5.804731e+03
+5.180632e+03	+7.246389e+03	+7.034830e+03
+5.145570e+03	+7.300226e+03	+6.980974e+03
+5.774257e+03	+6.346692e+03	+7.062693e+03
+5.803845e+03	+6.317215e+03	+7.007799e+03
+5.745424e+03	+7.075568e+03	+8.233855e+03
+5.830725e+03	+7.088854e+03	+8.151846e+03
+4.933194e+03	+8.007908e+03	+7.687915e+03
+4.908869e+03	+8.024748e+03	+7.658976e+03
+7.219915e+03	+7.772752e+03	+7.730364e+03
+7.218611e+03	+7.799343e+03	+7.699703e+03
+7.933160e+03	+6.460486e+03	+8.096720e+03
+7.976266e+03	+6.469239e+03	+8.077817e+03
+7.255923e+03	+3.970746e+03	+4.006226e+03
+7.248018e+03	+3.984990e+03	+4.065237e+03
+7.733167e+03	+4.616099e+03	+3.240167e+03
+7.745658e+03	+4.602390e+03	+3.294783e+03
+7.643116e+03	+1.145351e+04	+5.265035e+03
+7.619222e+03	+1.141209e+04	+5.298780e+03
+8.910573e+03	+1.136629e+04	+5.507567e+03
+8.937675e+03	+1.132059e+04	+5.537062e+03
+6.381295e+03	+7.080551e+03	+5.007582e+03
+6.429276e+03	+7.097714e+03	+5.038947e+03
+4.478740e+03	+6.868701e+03	+5.339505e+03
+4.440288e+03	+6.842309e+03	+5.313041e+03
+7.214302e+03	+9.742360e+03	+7.922930e+03
+7.238982e+03	+9.734021e+03	+7.927737e+03
+5.996995e+03	+9.431505e+03	+8.022646e+03
+5.943548e+03	+9.427723e+03	+8.057355e+03
+6.499237e+03	+1.052902e+04	+5.273639e+03
+6.453260e+03	+1.049184e+04	+5.313925e+03
+8.113852e+03	+1.070973e+04	+5.543755e+03
+8.143772e+03	+1.073098e+04	+5.569422e+03
+7.778936e+03	+5.363251e+03	+6.330041e+03
+7.800560e+03	+5.376847e+03	+6.321759e+03
+6.432722e+03	+5.137608e+03	+6.098420e+03
+6.385990e+03	+5.133278e+03	+6.132607e+03
+9.513101e+03	+4.734543e+03	+7.760720e+03
+9.510683e+03	+4.762078e+03	+7.633910e+03
+1.037845e+04	+5.389160e+03	+7.718364e+03
+1.042544e+04	+5.371641e+03	+7.652037e+03
+9.558995e+03	+1.036894e+04	+6.665980e+03
+9.596185e+03	+1.036151e+04	+6.683856e+03
+7.509169e+03	+1.041882e+04	+6.241960e+03
+7.471387e+03	+1.046331e+04	+6.250773e+03
+6.327078e+03	+3.120418e+03	+5.643063e+03
+6.323300e+03	+3.171292e+03	+5.650894e+03
+5.020604e+03	+3.503803e+03	+6.184251e+03
+4.988091e+03	+3.517171e+03	+6.227169e+03
+8.518362e+03	+3.619115e+03	+6.385751e+03
+8.554813e+03	+3.619572e+03	+6.308381e+03
+1.042669e+04	+3.559108e+03	+6.782360e+03
+1.044228e+04	+3.522757e+03	+6.865569e+03
+5.858463e+03	+5.950747e+03	+7.384617e+03
+5.842540e+03	+5.981037e+03	+7.390474e+03
+7.220284e+03	+5.379936e+03	+7.310966e+03
+7.233668e+03	+5.389349e+03	+7.215454e+03
+9.281654e+03	+7.806811e+03	+5.937157e+03
+9.308056e+03	+7.782251e+03	+5.814023e+03
+8.629930e+03	+7.111627e+03	+6.139089e+03
+8.638031e+03	+7.107165e+03	+6.101281e+03
+7.199549e+03	+9.869831e+03	+4.475785e+03
+7.251843e+03	+9.881413e+03	+4.542011e+03
+5.788787e+03	+9.217916e+03	+4.482393e+03
+5.772230e+03	+9.176760e+03	+4.533293e+03
+7.314687e+03	+7.637106e+03	+4.049449e+03
+7.317040e+03	+7.615884e+03	+4.098680e+03
+6.728717e+03	+6.242879e+03	+3.793729e+03
+6.729179e+03	+6.199956e+03	+3.770568e+03
+7.211098e+03	+7.025315e+03	+6.583314e+03
+7.165988e+03	+6.998601e+03	+6.527340e+03
+6.052445e+03	+6.448694e+03	+6.683724e+03
+6.034505e+03	+6.426704e+03	+6.664256e+03
+9.979381e+03	+6.500089e+03	+7.742234e+03
+1.000946e+04	+6.514212e+03	+7.749658e+03
+9.409151e+03	+5.912523e+03	+8.269104e+03
+9.446803e+03	+5.939384e+03	+8.336571e+03
+9.002130e+03	+5.908265e+03	+4.266441e+03
+9.018470e+03	+5.884414e+03	+4.276313e+03
+8.014160e+03	+4.528977e+03	+4.450001e+03
+7.996983e+03	+4.513004e+03	+4.462261e+03
+6.744890e+03	+6.440205e+03	+8.847701e+03
+6.755376e+03	+6.514717e+03	+8.905234e+03
+6.071622e+03	+5.539805e+03	+8.416540e+03
+6.080125e+03	+5.538534e+03	+8.359798e+03
+5.511029e+03	+7.944013e+03	+8.543445e+03
+5.532638e+03	+7.990550e+03	+8.471140e+03
+4.643216e+03	+6.525160e+03	+8.251760e+03
+4.641145e+03	+6.531825e+03	+8.231294e+03
+8.630398e+03	+6.265877e+03	+8.584137e+03
+8.582297e+03	+6.263270e+03	+8.606114e+03
+9.561013e+03	+7.407442e+03	+8.742588e+03
+9.565582e+03	+7.468261e+03	+8.737149e+03
+1.192244e+04	+5.044718e+03	+4.620784e+03
+1.191277e+04	+5.064597e+03	+4.683748e+03
+1.108527e+04	+3.963746e+03	+4.129284e+03
+1.108756e+04	+3.901014e+03	+4.069520e+03
+1.181368e+04	+4.498573e+03	+4.968384e+03
+1.179994e+04	+4.544764e+03	+5.020891e+03
+1.069935e+04	+3.361535e+03	+4.787591e+03
+1.064857e+04	+3.343825e+03	+4.803489e+03
+4.505296e+03	+1.035619e+04	+6.962349e+03
+4.527420e+03	+1.032535e+04	+7.029752e+03
+5.238625e+03	+1.129131e+04	+6.460651e+03
+5.300352e+03	+1.128530e+04	+6.476957e+03
+6.082914e+03	+9.119428e+03	+7.826695e+03
+6.122396e+03	+9.156991e+03	+7.757038e+03
+8.079104e+03	+1.062764e+04	+8.176516e+03
+8.087678e+03	+1.066222e+04	+8.113728e+03
+5.484620e+03	+8.942235e+03	+9.128938e+03
+5.474646e+03	+8.925332e+03	+9.069609e+03
+6.001411e+03	+9.883588e+03	+8.706269e+03
+6.017817e+03	+9.912489e+03	+8.629808e+03
+1.028931e+04	+9.033286e+03	+8.865760e+03
+1.026518e+04	+9.063481e+03	+8.771044e+03
+9.557395e+03	+8.563389e+03	+9.241148e+03
+9.550014e+03	+8.644856e+03	+9.174674e+03
+5.835723e+03	+9.397061e+03	+5.340516e+03
+5.898731e+03	+9.367389e+03	+5.369165e+03
+4.894351e+03	+8.441685e+03	+5.988010e+03
+4.907433e+03	+8.428526e+03	+6.079717e+03
+8.462440e+03	+5.372378e+03	+6.558424e+03
+8.456186e+03	+5.326650e+03	+6.639380e+03
+7.628983e+03	+5.023519e+03	+6.360547e+03
+7.627647e+03	+5.044385e+03	+6.421157e+03
+1.283929e+04	+6.273092e+03	+6.456548e+03
+1.281059e+04	+6.322919e+03	+6.496939e+03
+1.245697e+04	+5.125142e+03	+7.272287e+03
+1.242449e+04	+5.142445e+03	+7.370413e+03
+9.767721e+03	+5.244170e+03	+5.512388e+03
+9.849935e+03	+5.262969e+03	+5.489167e+03
+9.577506e+03	+4.355476e+03	+6.360493e+03
+9.645899e+03	+4.335974e+03	+6.458685e+03
+1.058327e+04	+4.898057e+03	+6.587942e+03
+1.059772e+04	+4.893405e+03	+6.674986e+03
+1.101119e+04	+5.696785e+03	+7.310896e+03
+1.096762e+04	+5.633758e+03	+7.308863e+03
+5.152377e+03	+1.184793e+04	+9.239742e+03
+5.124701e+03	+1.181635e+04	+9.193112e+03
+6.212207e+03	+1.261621e+04	+8.392593e+03
+6.247915e+03	+1.262606e+04	+8.336240e+03
+1.052511e+04	+5.718589e+03	+7.864537e+03
+1.051089e+04	+5.674200e+03	+7.821718e+03
+1.138482e+04	+6.847983e+03	+8.091996e+03
+1.136305e+04	+6.837384e+03	+8.163718e+03
+7.828633e+03	+7.533587e+03	+6.634530e+03
+7.838293e+03	+7.596212e+03	+6.708639e+03
+7.414849e+03	+6.534306e+03	+7.566096e+03
+7.418017e+03	+6.508317e+03	+7.599764e+03
+8.868202e+03	+7.254770e+03	+7.166716e+03
+8.924462e+03	+7.225873e+03	+7.129313e+03
+9.924716e+03	+7.856785e+03	+7.864165e+03
+9.937394e+03	+7.924222e+03	+7.819997e+03
+9.463124e+03	+7.451948e+03	+7.544676e+03
+9.445287e+03	+7.378619e+03	+7.487209e+03
+8.554896e+03	+6.254690e+03	+8.241045e+03
+8.544390e+03	+6.231085e+03	+8.221893e+03
+9.227373e+03	+7.009841e+03	+8.992809e+03
+9.193919e+03	+7.025614e+03	+9.030451e+03
+1.008136e+04	+7.798841e+03	+9.690983e+03
+1.001857e+04	+7.807783e+03	+9.676459e+03
+1.203450e+04	+5.355115e+03	+8.305042e+03
+1.200129e+04	+5.348692e+03	+8.285198e+03
+1.265491e+04	+5.680905e+03	+9.059250e+03
+1.259138e+04	+5.689997e+03	+9.056767e+03
+1.059614e+04	+8.457089e+03	+1.070134e+04
+1.059098e+04	+8.445423e+03	+1.070664e+04
+8.834822e+03	+7.301709e+03	+1.021321e+04
+8.771869e+03	+7.294459e+03	+1.011691e+04
+8.082859e+03	+1.132477e+04	+2.089053e+03
+8.114158e+03	+1.133046e+04	+2.135763e+03
+6.819850e+03	+1.177909e+04	+1.940669e+03
+6.763186e+03	+1.175846e+04	+1.960786e+03
+8.518906e+03	+1.146340e+04	+2.709664e+03
+8.544726e+03	+1.146835e+04	+2.734204e+03
+7.317619e+03	+1.157237e+04	+2.559244e+03
+7.285174e+03	+1.155047e+04	+2.473827e+03
+6.315104e+03	+9.605189e+03	+2.184951e+03
+6.243593e+03	+9.614605e+03	+2.164078e+03
+7.060955e+03	+8.852810e+03	+2.101881e+03
+7.092663e+03	+8.848187e+03	+2.109468e+03
+6.253956e+03	+8.896239e+03	+3.011596e+03
+6.201853e+03	+8.887457e+03	+2.936607e+03
+7.343956e+03	+7.963675e+03	+3.049008e+03
+7.376181e+03	+7.950416e+03	+3.031785e+03
+6.038551e+03	+8.500922e+03	+4.569441e+03
+6.078023e+03	+8.466905e+03	+4.546008e+03
+4.578850e+03	+9.562340e+03	+4.307251e+03
+4.556085e+03	+9.568503e+03	+4.334279e+03
+4.084507e+03	+5.647627e+03	+1.531433e+03
+4.109518e+03	+5.720173e+03	+1.560375e+03
+5.354276e+03	+4.863668e+03	+1.573060e+03
+5.415917e+03	+4.881679e+03	+1.639169e+03
+6.979652e+03	+7.176592e+03	+2.241741e+03
+7.030394e+03	+7.156641e+03	+2.269139e+03
+7.710699e+03	+6.583922e+03	+1.694939e+03
+7.730778e+03	+6.582646e+03	+1.691058e+03
+9.532928e+03	+7.762901e+03	+3.443533e+03
+9.559440e+03	+7.729703e+03	+3.448330e+03
+8.446450e+03	+8.806198e+03	+3.472944e+03
+8.391250e+03	+8.833526e+03	+3.471943e+03
+7.075330e+03	+9.652550e+03	+3.133750e+03
+7.110457e+03	+9.626986e+03	+3.174084e+03
+6.098002e+03	+1.065372e+04	+2.621449e+03
+6.017538e+03	+1.066553e+04	+2.587824e+03
+7.163023e+03	+6.749278e+03	+5.085142e+03
+7.215056e+03	+6.748198e+03	+5.122449e+03
+6.311886e+03	+7.466577e+03	+5.362285e+03
+6.251370e+03	+7.494945e+03	+5.291856e+03
+1.140459e+04	+4.036017e+03	+4.680107e+03
+1.139612e+04	+4.108324e+03	+4.614755e+03
+1.043224e+04	+2.759692e+03	+5.011465e+03
+1.039407e+04	+2.764212e+03	+5.071912e+03
+6.156175e+03	+7.161532e+03	+6.266217e+03
+6.145969e+03	+7.107404e+03	+6.201890e+03
+6.923166e+03	+8.277665e+03	+6.266607e+03
+6.947877e+03	+8.318943e+03	+6.289837e+03
+9.940120e+03	+5.988543e+03	+9.959419e+02
+9.970589e+03	+5.973782e+03	+1.038051e+03
+9.317349e+03	+4.792146e+03	+1.141086e+03
+9.323973e+03	+4.746942e+03	+1.269608e+03
+5.131780e+03	+9.155398e+03	+2.593455e+03
+5.123104e+03	+9.148656e+03	+2.609194e+03
+6.038993e+03	+1.024384e+04	+2.884556e+03
+6.004670e+03	+1.029113e+04	+2.892611e+03
+7.619230e+03	+6.850479e+03	+5.920345e+03
+7.610490e+03	+6.841523e+03	+5.880427e+03
+8.151962e+03	+7.700143e+03	+6.169551e+03
+8.201405e+03	+7.730837e+03	+6.191311e+03
+7.927739e+03	+6.173043e+03	+2.594526e+03
+7.886526e+03	+6.146393e+03	+2.547653e+03
+8.687106e+03	+7.169775e+03	+2.589936e+03
+8.683793e+03	+7.168277e+03	+2.584136e+03
+5.263010e+03	+1.044217e+04	+2.832228e+03
+5.300111e+03	+1.042300e+04	+2.865800e+03
+4.418309e+03	+9.017435e+03	+2.655845e+03
+4.428626e+03	+8.957304e+03	+2.741614e+03
+5.781531e+03	+8.760529e+03	+6.668025e+03
+5.823739e+03	+8.781945e+03	+6.696202e+03
+4.950453e+03	+7.578020e+03	+6.345331e+03
+4.952365e+03	+7.542627e+03	+6.328774e+03
+6.449388e+03	+8.387562e+03	+7.022380e+03
+6.465658e+03	+8.389990e+03	+6.990980e+03
+5.505303e+03	+7.361998e+03	+6.713031e+03
+5.481514e+03	+7.342117e+03	+6.684060e+03
+9.147287e+03	+5.925083e+03	+2.161708e+03
+9.168132e+03	+5.843946e+03	+2.248165e+03
+9.894162e+03	+7.189572e+03	+2.235835e+03
+9.921148e+03	+7.195049e+03	+2.259028e+03
+1.082725e+04	+4.466198e+03	+6.400090e+03
+1.085494e+04	+4.503747e+03	+6.274332e+03
+1.011221e+04	+3.304425e+03	+6.077283e+03
+1.006410e+04	+3.313219e+03	+6.061380e+03
+9.475916e+03	+4.529399e+03	+6.907617e+03
+9.409063e+03	+4.567581e+03	+6.820551e+03
+1.024613e+04	+5.445913e+03	+6.814069e+03
+1.023239e+04	+5.504267e+03	+6.737340e+03
+9.555908e+03	+6.110428e+03	+6.467783e+03
+9.558622e+03	+6.141398e+03	+6.315313e+03
+8.639124e+03	+5.107005e+03	+6.671301e+03
+8.607858e+03	+5.108270e+03	+6.659427e+03
+4.423290e+03	+9.335786e+03	+5.995595e+03
+4.479635e+03	+9.305309e+03	+5.966243e+03
+5.433718e+03	+1.055364e+04	+6.165834e+03
+5.510365e+03	+1.051776e+04	+6.114790e+03
+1.191155e+04	+4.675049e+03	+1.938075e+03
+1.192085e+04	+4.688536e+03	+1.980249e+03
+1.133641e+04	+3.607606e+03	+1.708657e+03
+1.133205e+04	+3.586648e+03	+1.824888e+03
+7.383309e+03	+5.777233e+03	+7.193837e+03
+7.334911e+03	+5.785479e+03	+7.162214e+03
+8.270035e+03	+6.880017e+03	+7.341146e+03
+8.303150e+03	+6.929404e+03	+7.331918e+03
+6.387892e+03	+6.986134e+03	+1.650103e+03
+6.345759e+03	+6.959357e+03	+1.644985e+03
+7.603350e+03	+7.848223e+03	+1.879343e+03
+7.638246e+03	+7.865327e+03	+2.039966e+03
+8.699183e+03	+3.608701e+03	+3.029664e+03
+8.662437e+03	+3.550457e+03	+2.974543e+03
+9.779480e+03	+4.816370e+03	+3.085424e+03
+9.813656e+03	+4.857079e+03	+3.055784e+03
+1.055032e+04	+5.682527e+03	+1.302005e+03
+1.051243e+04	+5.738318e+03	+1.327397e+03
+9.715412e+03	+4.391070e+03	+1.367810e+03
+9.680065e+03	+4.351811e+03	+1.446481e+03
+6.572770e+03	+7.443642e+03	+5.972597e+03
+6.591199e+03	+7.497833e+03	+6.004505e+03
+5.882680e+03	+6.579600e+03	+5.564517e+03
+5.888577e+03	+6.549583e+03	+5.530615e+03
+1.167833e+04	+6.655215e+03	+2.584539e+03
+1.173644e+04	+6.642466e+03	+2.600593e+03
+1.088226e+04	+5.501051e+03	+2.111387e+03
+1.088916e+04	+5.439154e+03	+2.183829e+03
+9.008550e+03	+5.286379e+03	+2.784185e+03
+8.973282e+03	+5.308742e+03	+2.778778e+03
+9.819402e+03	+6.097052e+03	+3.237760e+03
+9.854697e+03	+6.119792e+03	+3.250824e+03
+1.024525e+04	+5.335568e+03	+6.276456e+03
+1.028301e+04	+5.344063e+03	+6.230355e+03
+1.147214e+04	+6.243611e+03	+6.294157e+03
+1.147089e+04	+6.233256e+03	+6.342580e+03
+7.323779e+03	+8.703053e+03	+4.909192e+03
+7.325079e+03	+8.729072e+03	+4.945263e+03
+6.785345e+03	+7.889089e+03	+4.402322e+03
+6.752537e+03	+7.844198e+03	+4.387280e+03
+7.828980e+03	+7.506233e+03	+1.827196e+03
+7.769150e+03	+7.475780e+03	+1.886745e+03
+8.769622e+03	+8.380898e+03	+2.064496e+03
+8.804665e+03	+8.397369e+03	+1.991553e+03
+1.014619e+04	+4.689969e+03	+7.773131e+03
+1.011110e+04	+4.626790e+03	+7.657203e+03
+1.096825e+04	+5.765040e+03	+8.053174e+03
+1.097633e+04	+5.826103e+03	+8.062103e+03
+8.579752e+03	+7.385996e+03	+3.916700e+03
+8.625390e+03	+7.381896e+03	+3.797682e+03
+7.864693e+03	+6.883437e+03	+3.516318e+03
+7.862290e+03	+6.861404e+03	+3.494793e+03
+5.331202e+03	+9.843588e+03	+7.156242e+03
+5.364394e+03	+9.891243e+03	+7.186974e+03
+4.246721e+03	+8.848829e+03	+6.956771e+03
+4.232103e+03	+8.846589e+03	+6.925492e+03
+5.282275e+03	+9.366746e+03	+8.249101e+03
+5.269419e+03	+9.425362e+03	+8.212417e+03
+4.598740e+03	+8.435622e+03	+7.973895e+03
+4.578016e+03	+8.421888e+03	+7.882190e+03
+7.448160e+03	+5.460843e+03	+5.883908e+03
+7.459710e+03	+5.414758e+03	+5.891197e+03
+8.313780e+03	+6.061211e+03	+6.380976e+03
+8.316859e+03	+6.106148e+03	+6.405992e+03
+7.489743e+03	+5.858072e+03	+7.302956e+03
+7.497566e+03	+5.918514e+03	+7.305500e+03
+6.531355e+03	+4.779342e+03	+6.770276e+03
+6.501228e+03	+4.760773e+03	+6.750720e+03
+6.912864e+03	+6.476322e+03	+6.922958e+03
+6.966304e+03	+6.499477e+03	+6.980320e+03
+5.962360e+03	+5.682205e+03	+6.232899e+03
+5.922716e+03	+5.715708e+03	+6.136249e+03
+1.194528e+04	+5.223097e+03	+5.297195e+03
+1.195307e+04	+5.234218e+03	+5.349855e+03
+1.134622e+04	+4.154480e+03	+5.044505e+03
+1.130127e+04	+4.135409e+03	+5.084064e+03
+6.639791e+03	+9.841120e+03	+2.912865e+03
+6.657500e+03	+9.827723e+03	+2.945809e+03
+6.325954e+03	+8.809257e+03	+2.405244e+03
+6.370765e+03	+8.757371e+03	+2.454369e+03
+1.173772e+04	+5.763721e+03	+2.923730e+03
+1.174937e+04	+5.802932e+03	+2.921697e+03
+1.085470e+04	+4.774450e+03	+2.682995e+03
+1.083542e+04	+4.696976e+03	+2.738172e+03
+7.807098e+03	+9.942035e+03	+3.088110e+03
+7.846612e+03	+9.950594e+03	+3.155790e+03
+7.171125e+03	+9.125789e+03	+2.536094e+03
+7.139237e+03	+9.078221e+03	+2.569011e+03
+5.550363e+03	+7.314868e+03	+8.563804e+03
+5.484038e+03	+7.325853e+03	+8.523842e+03
+6.508122e+03	+7.994253e+03	+8.864303e+03
+6.540058e+03	+8.007037e+03	+8.885779e+03
+1.062231e+04	+7.064576e+03	+6.817401e+03
+1.063342e+04	+7.087901e+03	+6.808008e+03
+9.781576e+03	+6.207406e+03	+6.671431e+03
+9.772153e+03	+6.170915e+03	+6.684579e+03
+9.233889e+03	+7.472787e+03	+7.502329e+03
+9.263819e+03	+7.525029e+03	+7.502729e+03
+8.651725e+03	+6.247754e+03	+7.449572e+03
+8.619773e+03	+6.235406e+03	+7.424527e+03
+9.357776e+03	+4.833480e+03	+6.238894e+03
+9.339083e+03	+4.809149e+03	+6.255209e+03
+9.396791e+03	+3.204175e+03	+6.935908e+03
+9.351545e+03	+3.192170e+03	+6.903409e+03
+8.259963e+03	+4.936769e+03	+8.029815e+03
+8.210301e+03	+4.944398e+03	+8.003325e+03
+9.232826e+03	+6.047874e+03	+8.540874e+03
+9.229458e+03	+6.102635e+03	+8.550771e+03
+6.915270e+03	+7.787835e+03	+2.333627e+03
+6.931976e+03	+7.747444e+03	+2.365117e+03
+7.434625e+03	+8.587998e+03	+2.528153e+03
+7.465779e+03	+8.600531e+03	+2.544492e+03
+1.129205e+04	+6.378717e+03	+4.363096e+03
+1.130497e+04	+6.404191e+03	+4.385395e+03
+1.076028e+04	+5.623457e+03	+3.942565e+03
+1.074890e+04	+5.580446e+03	+3.912921e+03
+6.760181e+03	+2.771812e+03	+2.897313e+03
+6.743141e+03	+2.760912e+03	+2.860513e+03
+7.727837e+03	+2.564642e+03	+2.166259e+03
+7.732552e+03	+2.606705e+03	+2.226113e+03
+6.066796e+03	+3.602593e+03	+3.518517e+03
+6.099234e+03	+3.581515e+03	+3.593703e+03
+4.968577e+03	+3.428198e+03	+3.286001e+03
+4.929700e+03	+3.451768e+03	+3.293613e+03
+5.790116e+03	+3.891325e+03	+4.919472e+03
+5.775536e+03	+3.871171e+03	+5.016468e+03
+7.157740e+03	+4.119025e+03	+5.447477e+03
+7.195822e+03	+4.086179e+03	+5.438168e+03
+5.427364e+03	+9.940711e+03	+3.704901e+03
+5.416024e+03	+9.859379e+03	+3.763380e+03
+6.448691e+03	+1.018293e+04	+3.875940e+03
+6.494568e+03	+1.012796e+04	+3.863924e+03
+6.697904e+03	+3.695215e+03	+6.348483e+03
+6.707925e+03	+3.743608e+03	+6.290827e+03
+7.465742e+03	+4.640109e+03	+6.548312e+03
+7.498416e+03	+4.664817e+03	+6.486259e+03
+5.430370e+03	+6.102374e+03	+7.624294e+03
+5.474405e+03	+6.156078e+03	+7.591907e+03
+4.419373e+03	+5.660521e+03	+7.079090e+03
+4.425798e+03	+5.678412e+03	+7.009101e+03
+3.585065e+03	+3.847700e+03	+5.483335e+03
+3.557469e+03	+3.878482e+03	+5.402708e+03
+4.819339e+03	+4.607170e+03	+6.229550e+03
+4.772024e+03	+4.613266e+03	+6.124412e+03
+4.027841e+03	+8.165150e+03	+2.887063e+03
+3.993958e+03	+8.112744e+03	+2.876993e+03
+5.631041e+03	+8.596075e+03	+2.794881e+03
+5.583363e+03	+8.589037e+03	+2.895330e+03
+6.128926e+03	+4.959856e+03	+6.664972e+03
+6.170915e+03	+4.987385e+03	+6.658095e+03
+5.135919e+03	+4.070572e+03	+6.082919e+03
+5.171039e+03	+4.083962e+03	+6.011077e+03
+8.500696e+03	+5.606054e+03	+2.004186e+03
+8.504582e+03	+5.597486e+03	+2.097752e+03
+6.852938e+03	+5.510529e+03	+2.544793e+03
+6.818362e+03	+5.484300e+03	+2.492893e+03
+4.825082e+03	+3.883481e+03	+2.027344e+03
+4.790833e+03	+3.901295e+03	+2.129333e+03
+6.189343e+03	+4.014890e+03	+1.885373e+03
+6.213909e+03	+4.007750e+03	+1.876266e+03
+8.283491e+03	+3.770505e+03	+2.728248e+03
+8.299915e+03	+3.807230e+03	+2.727570e+03
+7.307337e+03	+3.204502e+03	+2.478409e+03
+7.278220e+03	+3.184497e+03	+2.500729e+03
+5.602474e+03	+4.635221e+03	+3.486625e+03
+5.635987e+03	+4.589123e+03	+3.523213e+03
+6.285209e+03	+5.589817e+03	+3.100941e+03
+6.319601e+03	+5.633819e+03	+3.110100e+03
+5.927269e+03	+6.038922e+03	+3.947398e+03
+5.963367e+03	+6.086750e+03	+3.929215e+03
+5.472909e+03	+5.258360e+03	+4.663995e+03
+5.453252e+03	+5.238485e+03	+4.727134e+03
+6.214046e+03	+4.264295e+03	+3.850351e+03
+6.155853e+03	+4.293069e+03	+3.904355e+03
+6.802096e+03	+4.848214e+03	+3.162574e+03
+6.684023e+03	+4.936451e+03	+3.279382e+03
+6.917733e+03	+7.618130e+03	+4.644778e+03
+6.894149e+03	+7.601541e+03	+4.657026e+03
+7.555985e+03	+8.307413e+03	+4.353135e+03
+7.565221e+03	+8.351051e+03	+4.352904e+03
+4.248796e+03	+4.520274e+03	+3.106321e+03
+4.228405e+03	+4.488016e+03	+3.167440e+03
+4.741150e+03	+5.384983e+03	+2.352603e+03
+4.784791e+03	+5.347494e+03	+2.309745e+03
+4.582919e+03	+9.399441e+03	+6.075251e+03
+4.573337e+03	+9.384153e+03	+5.931832e+03
+3.687781e+03	+8.598622e+03	+6.207990e+03
+3.743075e+03	+8.521634e+03	+6.178048e+03
+5.249282e+03	+6.284164e+03	+3.168276e+03
+5.247115e+03	+6.257401e+03	+3.131178e+03
+5.883325e+03	+7.121778e+03	+2.560427e+03
+5.959921e+03	+7.084366e+03	+2.497146e+03
+1.046392e+04	+6.222668e+03	+6.457685e+03
+1.046765e+04	+6.250917e+03	+6.516023e+03
+1.088520e+04	+7.080136e+03	+6.663553e+03
+1.088583e+04	+7.069142e+03	+6.608564e+03
+9.266373e+03	+6.130500e+03	+5.010825e+03
+9.296443e+03	+6.152086e+03	+5.071224e+03
+8.645235e+03	+5.144533e+03	+5.413165e+03
+8.636905e+03	+5.157605e+03	+5.516497e+03
+8.556934e+03	+6.021845e+03	+7.235215e+03
+8.650402e+03	+6.030841e+03	+7.143997e+03
+8.073656e+03	+5.195291e+03	+7.918541e+03
+8.055699e+03	+5.182052e+03	+7.871230e+03
+5.185241e+03	+8.127636e+03	+1.984018e+03
+5.215506e+03	+8.129569e+03	+2.077784e+03
+4.455759e+03	+7.374950e+03	+2.433678e+03
+4.449524e+03	+7.348784e+03	+2.524321e+03
+5.792080e+03	+7.903814e+03	+2.494983e+03
+5.803639e+03	+7.926032e+03	+2.432202e+03
+5.069200e+03	+7.209426e+03	+2.700016e+03
+5.025025e+03	+7.213570e+03	+2.741386e+03
+5.319241e+03	+8.622191e+03	+3.816615e+03
+5.337953e+03	+8.636374e+03	+3.743303e+03
+4.461122e+03	+8.071427e+03	+4.100267e+03
+4.489034e+03	+7.996676e+03	+4.048437e+03
+7.432914e+03	+6.975568e+03	+3.112846e+03
+7.419096e+03	+6.979460e+03	+3.039038e+03
+6.992106e+03	+6.237758e+03	+3.741775e+03
+6.971913e+03	+6.208246e+03	+3.756863e+03
+7.908493e+03	+6.793687e+03	+4.353456e+03
+7.925549e+03	+6.790990e+03	+4.362671e+03
+7.254569e+03	+5.869698e+03	+4.881947e+03
+7.223645e+03	+5.866963e+03	+4.896779e+03
+7.967541e+03	+4.028252e+03	+2.538812e+03
+8.010826e+03	+4.023329e+03	+2.545903e+03
+7.432997e+03	+3.252600e+03	+3.431699e+03
+7.407936e+03	+3.282536e+03	+3.450393e+03
+8.957372e+03	+3.401141e+03	+3.439741e+03
+8.825106e+03	+3.383969e+03	+3.490191e+03
+9.068366e+03	+4.520678e+03	+4.080942e+03
+9.095009e+03	+4.557279e+03	+4.017346e+03
+1.014025e+04	+6.210524e+03	+3.546204e+03
+1.010215e+04	+6.242802e+03	+3.519997e+03
+9.491941e+03	+5.035502e+03	+4.162757e+03
+9.478120e+03	+5.024539e+03	+4.150895e+03
+8.422339e+03	+3.737109e+03	+4.909427e+03
+8.410233e+03	+3.689909e+03	+4.978347e+03
+1.044769e+04	+4.249354e+03	+5.195013e+03
+1.041437e+04	+4.277487e+03	+5.053527e+03
+9.125824e+03	+8.830146e+03	+5.296730e+03
+9.156662e+03	+8.829377e+03	+5.273851e+03
+8.557949e+03	+7.900096e+03	+6.085391e+03
+8.572093e+03	+7.870183e+03	+6.113711e+03
+6.063179e+03	+7.542767e+03	+7.831061e+03
+6.074203e+03	+7.548700e+03	+7.863269e+03
+4.079623e+03	+7.120681e+03	+7.106599e+03
+4.079288e+03	+7.097116e+03	+7.106423e+03
+5.429801e+03	+5.820421e+03	+5.603317e+03
+5.433111e+03	+5.852671e+03	+5.587182e+03
+5.093386e+03	+5.118159e+03	+6.058939e+03
+5.079099e+03	+5.105669e+03	+6.031124e+03
+1.021369e+04	+4.767258e+03	+7.914728e+03
+1.019264e+04	+4.811827e+03	+7.957929e+03
+1.066538e+04	+5.510168e+03	+7.396580e+03
+1.066840e+04	+5.502324e+03	+7.355749e+03
+5.381386e+03	+5.661875e+03	+1.673935e+03
+5.377385e+03	+5.705120e+03	+1.720261e+03
+4.861062e+03	+4.716170e+03	+2.116161e+03
+4.827748e+03	+4.717444e+03	+2.189778e+03
+6.048312e+03	+9.699921e+03	+7.208175e+03
+6.037034e+03	+9.674139e+03	+7.194322e+03
+4.576515e+03	+8.056216e+03	+6.862343e+03
+4.654305e+03	+8.080727e+03	+6.808567e+03
+5.157389e+03	+9.667168e+03	+6.157947e+03
+5.199548e+03	+9.694276e+03	+6.158593e+03
+5.490742e+03	+1.066304e+04	+6.507750e+03
+5.515647e+03	+1.068058e+04	+6.494429e+03
+8.465464e+03	+7.591236e+03	+6.536510e+03
+8.490018e+03	+7.604232e+03	+6.511116e+03
+8.089607e+03	+6.635779e+03	+7.028690e+03
+8.093852e+03	+6.648391e+03	+7.058563e+03
+8.272749e+03	+8.978085e+03	+5.023111e+03
+8.323717e+03	+8.972041e+03	+4.953789e+03
+7.354637e+03	+8.351312e+03	+4.834247e+03
+7.355149e+03	+8.324536e+03	+4.751380e+03
+6.783125e+03	+8.863573e+03	+7.250133e+03
+6.760050e+03	+8.822344e+03	+7.257682e+03
+7.611267e+03	+9.869699e+03	+7.632006e+03
+7.641419e+03	+9.868642e+03	+7.642715e+03
+6.952794e+03	+1.017100e+04	+3.567491e+03
+6.885696e+03	+1.014714e+04	+3.577045e+03
+8.038309e+03	+1.087487e+04	+4.311533e+03
+8.092094e+03	+1.086440e+04	+4.370584e+03
+1.011732e+04	+8.137252e+03	+3.319200e+03
+1.011025e+04	+8.159759e+03	+3.356112e+03
+8.713986e+03	+7.181845e+03	+3.713271e+03
+8.692189e+03	+7.173237e+03	+3.670278e+03
+1.004704e+04	+7.185135e+03	+4.094560e+03
+9.977086e+03	+7.202170e+03	+4.098420e+03
+1.097382e+04	+7.702496e+03	+4.735389e+03
+1.099707e+04	+7.729466e+03	+4.831658e+03
+1.021201e+04	+7.295110e+03	+5.497536e+03
+1.018325e+04	+7.281763e+03	+5.466563e+03
+1.163703e+04	+7.877513e+03	+5.865196e+03
+1.167488e+04	+7.909147e+03	+5.896272e+03
+1.069884e+04	+8.233686e+03	+6.389059e+03
+1.066610e+04	+8.180877e+03	+6.351929e+03
+1.131177e+04	+8.679902e+03	+6.712811e+03
+1.135630e+04	+8.684106e+03	+6.720547e+03
+8.824233e+03	+1.065977e+04	+5.552430e+03
+8.853476e+03	+1.065844e+04	+5.537809e+03
+8.681645e+03	+9.812829e+03	+6.337703e+03
+8.691553e+03	+9.833297e+03	+6.331438e+03
+7.484752e+03	+6.863056e+03	+5.870651e+03
+7.428499e+03	+6.867748e+03	+5.911618e+03
+6.911482e+03	+5.977642e+03	+6.559228e+03
+6.868120e+03	+5.966605e+03	+6.548749e+03
+1.257076e+04	+7.022396e+03	+4.439608e+03
+1.257116e+04	+7.061792e+03	+4.538406e+03
+1.167569e+04	+6.271925e+03	+4.100390e+03
+1.158913e+04	+6.306328e+03	+4.124049e+03
+5.767333e+03	+9.753802e+03	+6.540642e+03
+5.740361e+03	+9.725463e+03	+6.491090e+03
+6.599159e+03	+1.053916e+04	+6.639293e+03
+6.630159e+03	+1.051871e+04	+6.635193e+03
+6.394035e+03	+9.392679e+03	+6.279490e+03
+6.422857e+03	+9.409536e+03	+6.221877e+03
+5.628472e+03	+8.624878e+03	+5.726764e+03
+5.655816e+03	+8.581801e+03	+5.714738e+03
+6.810552e+03	+1.052427e+04	+2.731976e+03
+6.776574e+03	+1.052108e+04	+2.826383e+03
+8.120350e+03	+1.042040e+04	+2.555411e+03
+8.134903e+03	+1.038076e+04	+2.572908e+03
+1.027306e+04	+8.805347e+03	+4.991153e+03
+1.031015e+04	+8.813369e+03	+5.008831e+03
+8.938434e+03	+8.647266e+03	+4.506814e+03
+8.898173e+03	+8.626692e+03	+4.483364e+03
+6.793867e+03	+4.322818e+03	+4.097038e+03
+6.764411e+03	+4.303112e+03	+4.108000e+03
+7.538028e+03	+3.852340e+03	+4.637090e+03
+7.555383e+03	+3.903189e+03	+4.665165e+03
+9.872236e+03	+7.124771e+03	+1.972103e+03
+9.830881e+03	+7.122318e+03	+1.977691e+03
+1.113723e+04	+7.515605e+03	+2.496209e+03
+1.116035e+04	+7.519742e+03	+2.509163e+03
+9.299299e+03	+7.434230e+03	+6.259103e+03
+9.338131e+03	+7.419734e+03	+6.280461e+03
+7.895960e+03	+7.171693e+03	+5.553062e+03
+7.886569e+03	+7.172941e+03	+5.504790e+03
+8.395335e+03	+2.789381e+03	+5.563991e+03
+8.424117e+03	+2.864886e+03	+5.554578e+03
+6.687687e+03	+3.773359e+03	+5.637509e+03
+6.672189e+03	+3.771169e+03	+5.636659e+03
+1.074919e+04	+9.400560e+03	+2.522093e+03
+1.079114e+04	+9.413433e+03	+2.586395e+03
+1.004150e+04	+8.976681e+03	+2.739567e+03
+1.006709e+04	+8.999790e+03	+2.789358e+03
+1.141203e+04	+8.381233e+03	+5.314935e+03
+1.143326e+04	+8.376872e+03	+5.245664e+03
+1.255349e+04	+8.193728e+03	+5.769394e+03
+1.255991e+04	+8.163136e+03	+5.789663e+03
+8.265119e+03	+1.147268e+04	+4.767703e+03
+8.228836e+03	+1.145644e+04	+4.616109e+03
+9.428016e+03	+1.169061e+04	+5.113665e+03
+9.436635e+03	+1.165975e+04	+5.060270e+03
+4.980847e+03	+6.810321e+03	+4.800403e+03
+4.933003e+03	+6.832518e+03	+4.843107e+03
+5.875068e+03	+8.228019e+03	+5.321756e+03
+5.837717e+03	+8.235458e+03	+5.304799e+03
+6.634985e+03	+1.007671e+04	+6.832897e+03
+6.663953e+03	+1.005946e+04	+6.843392e+03
+7.917793e+03	+9.068906e+03	+6.591898e+03
+7.929451e+03	+9.055357e+03	+6.595563e+03
+9.553059e+03	+9.262868e+03	+1.752033e+03
+9.526266e+03	+9.254562e+03	+1.723339e+03
+9.640983e+03	+9.717144e+03	+2.299385e+03
+9.676178e+03	+9.755637e+03	+2.394797e+03
+9.218518e+03	+9.581445e+03	+4.010447e+03
+9.169572e+03	+9.567849e+03	+4.008351e+03
+1.047130e+04	+9.943356e+03	+4.379713e+03
+1.049909e+04	+9.936495e+03	+4.288546e+03
+1.033856e+04	+7.361892e+03	+1.521484e+03
+1.028746e+04	+7.318100e+03	+1.500171e+03
+1.160967e+04	+7.777587e+03	+1.943054e+03
+1.161070e+04	+7.743772e+03	+2.013381e+03
+8.788311e+03	+3.001047e+03	+5.000464e+03
+8.851420e+03	+3.098926e+03	+4.925179e+03
+9.793917e+03	+3.069049e+03	+5.381127e+03
+9.830559e+03	+3.129040e+03	+5.344077e+03
+7.216456e+03	+4.530293e+03	+3.490015e+03
+7.200924e+03	+4.496531e+03	+3.556468e+03
+7.970384e+03	+4.069160e+03	+4.014872e+03
+7.966486e+03	+4.093864e+03	+4.088578e+03
+9.663576e+03	+7.181242e+03	+3.627792e+03
+9.603782e+03	+7.166038e+03	+3.665089e+03
+1.067131e+04	+7.431657e+03	+4.208987e+03
+1.070802e+04	+7.436552e+03	+4.241871e+03
+1.120017e+04	+9.649286e+03	+1.980805e+03
+1.122444e+04	+9.651096e+03	+2.063905e+03
+1.010799e+04	+9.937985e+03	+1.794547e+03
+1.011918e+04	+9.948017e+03	+1.865311e+03
+1.181288e+04	+8.646085e+03	+4.713389e+03
+1.184074e+04	+8.658124e+03	+4.672831e+03
+1.297188e+04	+8.451838e+03	+5.256178e+03
+1.296422e+04	+8.445016e+03	+5.201386e+03
+8.687158e+03	+1.171929e+04	+4.079347e+03
+8.625770e+03	+1.169769e+04	+4.008756e+03
+9.839016e+03	+1.194758e+04	+4.469813e+03
+9.858604e+03	+1.191024e+04	+4.403532e+03
+1.162142e+04	+6.350816e+03	+3.360266e+03
+1.162945e+04	+6.357787e+03	+3.437924e+03
+1.052247e+04	+6.202162e+03	+2.930131e+03
+1.048443e+04	+6.262017e+03	+2.954839e+03
+1.069806e+04	+9.056739e+03	+4.384128e+03
+1.073761e+04	+9.075313e+03	+4.397032e+03
+9.359381e+03	+8.882583e+03	+3.842908e+03
+9.332843e+03	+8.882191e+03	+3.901137e+03
+9.657625e+03	+9.845838e+03	+3.392493e+03
+9.606940e+03	+9.806071e+03	+3.410537e+03
+1.089792e+04	+1.020243e+04	+3.722114e+03
+1.093816e+04	+1.015712e+04	+3.656925e+03
+8.316387e+03	+7.440809e+03	+5.046900e+03
+8.331621e+03	+7.416939e+03	+4.938484e+03
+9.693699e+03	+7.699100e+03	+5.718372e+03
+9.754771e+03	+7.675968e+03	+5.641525e+03
+6.293227e+03	+8.460842e+03	+4.740576e+03
+6.266829e+03	+8.473191e+03	+4.667612e+03
+5.399488e+03	+7.021581e+03	+4.178166e+03
+5.355996e+03	+7.037298e+03	+4.241376e+03
+1.177073e+04	+7.728682e+03	+9.939845e+03
+1.168875e+04	+7.745250e+03	+9.990579e+03
+1.250950e+04	+8.395275e+03	+8.924178e+03
+1.250351e+04	+8.400424e+03	+8.893023e+03
+6.812843e+03	+8.132916e+03	+6.214604e+03
+6.850723e+03	+8.164466e+03	+6.175905e+03
+7.158157e+03	+8.725977e+03	+6.796255e+03
+7.169018e+03	+8.727776e+03	+6.774301e+03
+6.712765e+03	+8.102160e+03	+8.032726e+03
+6.664633e+03	+8.047479e+03	+8.054578e+03
+7.382964e+03	+8.872292e+03	+8.439763e+03
+7.363489e+03	+8.850839e+03	+8.484226e+03
+6.044615e+03	+4.913566e+03	+4.862186e+03
+6.097570e+03	+4.942691e+03	+4.796744e+03
+5.801370e+03	+4.128077e+03	+5.780093e+03
+5.806478e+03	+4.081949e+03	+5.781073e+03
+9.166053e+03	+7.633979e+03	+1.037680e+04
+9.089778e+03	+7.625587e+03	+1.044400e+04
+8.928616e+03	+6.504635e+03	+9.972993e+03
+8.904480e+03	+6.517806e+03	+9.973571e+03
+4.905028e+03	+6.925640e+03	+8.067857e+03
+4.895781e+03	+6.881278e+03	+8.055785e+03
+3.660346e+03	+5.909162e+03	+7.729163e+03
+3.614933e+03	+5.926521e+03	+7.743657e+03
+7.298356e+03	+1.065336e+04	+8.014849e+03
+7.343228e+03	+1.066357e+04	+7.992366e+03
+6.788334e+03	+1.008887e+04	+8.878581e+03
+6.731655e+03	+1.005437e+04	+8.870290e+03
+7.816508e+03	+6.352234e+03	+8.195558e+03
+7.778358e+03	+6.393888e+03	+8.182825e+03
+8.606307e+03	+7.328091e+03	+8.368344e+03
+8.535915e+03	+7.355100e+03	+8.392519e+03
+1.149496e+04	+4.416379e+03	+6.356705e+03
+1.146454e+04	+4.430502e+03	+6.283754e+03
+1.013388e+04	+3.770498e+03	+6.086757e+03
+1.016005e+04	+3.810614e+03	+6.095672e+03
+7.385288e+03	+5.341136e+03	+6.248853e+03
+7.382587e+03	+5.314618e+03	+6.326509e+03
+8.121454e+03	+6.162985e+03	+5.588619e+03
+8.151767e+03	+6.215030e+03	+5.509067e+03
+6.446982e+03	+6.254529e+03	+6.871054e+03
+6.465280e+03	+6.273122e+03	+6.857941e+03
+5.615809e+03	+5.259430e+03	+6.398805e+03
+5.634903e+03	+5.240621e+03	+6.513241e+03
+1.216020e+04	+9.464268e+03	+8.089541e+03
+1.219118e+04	+9.510037e+03	+8.071390e+03
+1.136354e+04	+8.083415e+03	+8.134095e+03
+1.139920e+04	+8.064251e+03	+8.173902e+03
+9.145805e+03	+3.346782e+03	+5.970960e+03
+9.185511e+03	+3.353635e+03	+5.921187e+03
+9.446800e+03	+4.625139e+03	+6.797118e+03
+9.481478e+03	+4.617094e+03	+6.757614e+03
+6.282331e+03	+7.447131e+03	+7.420433e+03
+6.277271e+03	+7.411355e+03	+7.443759e+03
+5.392113e+03	+5.834137e+03	+7.775656e+03
+5.413073e+03	+5.822837e+03	+7.881227e+03
+4.509881e+03	+9.653091e+03	+7.788380e+03
+4.546818e+03	+9.727393e+03	+7.767708e+03
+4.950817e+03	+1.033762e+04	+7.995824e+03
+4.929013e+03	+1.026616e+04	+7.992431e+03
+5.437952e+03	+7.613452e+03	+6.901009e+03
+5.447703e+03	+7.628766e+03	+6.856944e+03
+5.129052e+03	+6.418841e+03	+6.774164e+03
+5.139329e+03	+6.419614e+03	+6.796325e+03
+4.124665e+03	+6.728599e+03	+6.543325e+03
+4.174213e+03	+6.728689e+03	+6.575549e+03
+4.375132e+03	+8.382573e+03	+6.846022e+03
+4.418191e+03	+8.406523e+03	+6.855484e+03
+9.341193e+03	+8.094003e+03	+7.466205e+03
+9.376083e+03	+8.139251e+03	+7.483831e+03
+8.388022e+03	+6.892503e+03	+7.170446e+03
+8.391522e+03	+6.910975e+03	+7.146270e+03
+4.019459e+03	+7.502346e+03	+8.073907e+03
+3.983210e+03	+7.437284e+03	+8.072383e+03
+5.279617e+03	+8.704108e+03	+7.873487e+03
+5.259349e+03	+8.673871e+03	+7.897953e+03
+5.628335e+03	+9.660345e+03	+6.783308e+03
+5.640799e+03	+9.660665e+03	+6.744985e+03
+5.364025e+03	+1.109167e+04	+6.883120e+03
+5.385305e+03	+1.106980e+04	+6.828049e+03
+1.019018e+04	+8.284246e+03	+9.617380e+03
+1.018652e+04	+8.288036e+03	+9.453723e+03
+9.557203e+03	+7.137768e+03	+9.083727e+03
+9.591509e+03	+7.177518e+03	+9.020972e+03
+1.049423e+04	+5.428722e+03	+6.454309e+03
+1.052893e+04	+5.419275e+03	+6.409912e+03
+1.065670e+04	+6.385479e+03	+6.892371e+03
+1.067766e+04	+6.389123e+03	+6.936533e+03
+1.028615e+04	+5.882854e+03	+8.179914e+03
+1.026300e+04	+5.865479e+03	+8.187039e+03
+1.018852e+04	+4.256023e+03	+7.854799e+03
+1.019969e+04	+4.263095e+03	+7.855570e+03
+1.237634e+04	+5.793992e+03	+9.395884e+03
+1.231586e+04	+5.796218e+03	+9.378371e+03
+1.134428e+04	+4.584873e+03	+8.972275e+03
+1.133963e+04	+4.570654e+03	+9.007170e+03
+9.346877e+03	+6.408562e+03	+6.661184e+03
+9.329536e+03	+6.391084e+03	+6.742392e+03
+9.964145e+03	+7.023649e+03	+5.827526e+03
+9.997809e+03	+7.042010e+03	+5.824800e+03
+5.029522e+03	+6.373938e+03	+5.083970e+03
+5.118051e+03	+6.369196e+03	+5.069169e+03
+4.581981e+03	+5.659469e+03	+5.930326e+03
+4.583331e+03	+5.653227e+03	+6.011142e+03
+7.182549e+03	+1.129670e+04	+9.090663e+03
+7.160759e+03	+1.127013e+04	+9.065316e+03
+5.992963e+03	+1.016307e+04	+9.334043e+03
+5.921459e+03	+1.013997e+04	+9.300989e+03
+1.105847e+04	+3.545559e+03	+7.623128e+03
+1.101924e+04	+3.551600e+03	+7.674962e+03
+9.682416e+03	+2.795654e+03	+7.230385e+03
+9.662646e+03	+2.802140e+03	+7.266787e+03
+9.728219e+03	+9.871005e+03	+3.499545e+03
+9.717439e+03	+9.878373e+03	+3.608377e+03
+1.073610e+04	+1.046738e+04	+3.727981e+03
+1.070602e+04	+1.046115e+04	+3.867329e+03
+8.127647e+03	+9.074048e+03	+5.095640e+03
+8.112778e+03	+9.082101e+03	+5.011187e+03
+9.580854e+03	+9.191070e+03	+4.955226e+03
+9.596206e+03	+9.202072e+03	+4.867055e+03
+9.479150e+03	+1.049502e+04	+6.509303e+03
+9.473566e+03	+1.045819e+04	+6.416337e+03
+8.655015e+03	+9.517075e+03	+6.282720e+03
+8.584214e+03	+9.481152e+03	+6.188173e+03
+1.026327e+04	+3.919623e+03	+4.786670e+03
+1.027379e+04	+3.956504e+03	+4.756607e+03
+1.081718e+04	+4.275930e+03	+5.440724e+03
+1.087979e+04	+4.323722e+03	+5.319543e+03
+6.906110e+03	+5.943580e+03	+4.133787e+03
+6.939008e+03	+5.961882e+03	+4.162367e+03
+5.558264e+03	+6.208568e+03	+4.441038e+03
+5.549120e+03	+6.267328e+03	+4.561322e+03
+4.505939e+03	+6.127752e+03	+2.767450e+03
+4.521321e+03	+6.137499e+03	+2.806730e+03
+5.555747e+03	+5.912319e+03	+2.749221e+03
+5.490561e+03	+5.852482e+03	+2.779289e+03
+4.977830e+03	+1.056878e+04	+4.530127e+03
+4.988020e+03	+1.055247e+04	+4.557661e+03
+6.301701e+03	+1.105348e+04	+4.495768e+03
+6.326328e+03	+1.104336e+04	+4.506373e+03
+1.260843e+04	+1.107376e+04	+4.224181e+03
+1.257495e+04	+1.108829e+04	+4.270681e+03
+1.114843e+04	+1.168837e+04	+4.894502e+03
+1.117919e+04	+1.163825e+04	+4.946044e+03
+1.041127e+04	+9.488437e+03	+2.622512e+03
+1.037931e+04	+9.447942e+03	+2.566269e+03
+9.631884e+03	+9.257290e+03	+2.651833e+03
+9.658267e+03	+9.234366e+03	+2.651139e+03
+1.012844e+04	+8.604855e+03	+2.277685e+03
+1.015560e+04	+8.604776e+03	+2.148657e+03
+8.572583e+03	+8.786418e+03	+2.420373e+03
+8.543787e+03	+8.768585e+03	+2.356524e+03
+9.347851e+03	+1.052130e+04	+2.897016e+03
+9.371015e+03	+1.048470e+04	+2.892157e+03
+7.592772e+03	+1.032214e+04	+3.195537e+03
+7.564358e+03	+1.028406e+04	+3.277699e+03
+6.731971e+03	+6.832742e+03	+3.918374e+03
+6.720525e+03	+6.800679e+03	+4.067396e+03
+8.142235e+03	+6.673502e+03	+3.893067e+03
+8.175163e+03	+6.707648e+03	+3.993924e+03
+8.763651e+03	+7.261250e+03	+3.341741e+03
+8.805308e+03	+7.314153e+03	+3.458457e+03
+7.406842e+03	+7.478226e+03	+3.552565e+03
+7.313509e+03	+7.481357e+03	+3.628173e+03
+4.147054e+03	+9.869284e+03	+5.710662e+03
+4.142620e+03	+9.909327e+03	+5.620680e+03
+5.077281e+03	+9.919724e+03	+6.199539e+03
+5.075769e+03	+9.889245e+03	+6.087327e+03
+4.936352e+03	+5.492998e+03	+6.311469e+03
+4.923181e+03	+5.504908e+03	+6.168697e+03
+5.933900e+03	+4.875523e+03	+6.260842e+03
+5.977502e+03	+4.915379e+03	+6.123568e+03
+8.541764e+03	+3.876653e+03	+3.121511e+03
+8.549097e+03	+3.903460e+03	+3.192403e+03
+6.819187e+03	+3.650831e+03	+3.755950e+03
+6.786636e+03	+3.661922e+03	+3.852687e+03
+5.839929e+03	+4.336607e+03	+2.756348e+03
+5.870301e+03	+4.349180e+03	+2.735708e+03
+4.795986e+03	+5.396968e+03	+3.098569e+03
+4.827575e+03	+5.425776e+03	+3.123624e+03
+1.361503e+04	+1.057465e+04	+4.278402e+03
+1.361916e+04	+1.054420e+04	+4.330376e+03
+1.240038e+04	+1.036812e+04	+4.905264e+03
+1.241526e+04	+1.035879e+04	+4.802601e+03
+7.061307e+03	+9.893324e+03	+5.259659e+03
+7.086103e+03	+9.860950e+03	+5.217522e+03
+6.154669e+03	+8.668085e+03	+5.286975e+03
+6.165273e+03	+8.615285e+03	+5.240864e+03
+1.254442e+04	+9.147639e+03	+5.260098e+03
+1.246251e+04	+9.138604e+03	+5.279355e+03
+1.201953e+04	+7.246732e+03	+4.836339e+03
+1.199167e+04	+7.277747e+03	+4.867231e+03
+1.192207e+04	+8.574625e+03	+3.761944e+03
+1.191326e+04	+8.557628e+03	+3.827078e+03
+1.237609e+04	+9.982796e+03	+4.330365e+03
+1.237277e+04	+1.002986e+04	+4.344181e+03
+8.187009e+03	+9.039739e+03	+5.176774e+03
+8.169518e+03	+9.033928e+03	+5.210350e+03
+8.628820e+03	+1.022564e+04	+5.557738e+03
+8.642556e+03	+1.024654e+04	+5.582005e+03
+9.569471e+03	+7.983286e+03	+4.924953e+03
+9.611158e+03	+8.032896e+03	+4.795015e+03
+8.884784e+03	+6.730690e+03	+4.346146e+03
+8.868223e+03	+6.742336e+03	+4.394336e+03
+7.313170e+03	+4.219088e+03	+6.213234e+03
+7.337952e+03	+4.259927e+03	+6.209191e+03
+6.724417e+03	+3.224806e+03	+5.348217e+03
+6.705649e+03	+3.189817e+03	+5.369075e+03
+1.207764e+04	+1.076655e+04	+4.170798e+03
+1.211304e+04	+1.068774e+04	+4.251176e+03
+1.212176e+04	+1.230809e+04	+4.923620e+03
+1.213737e+04	+1.227940e+04	+4.938772e+03
+1.284317e+04	+1.078496e+04	+5.702884e+03
+1.285091e+04	+1.081862e+04	+5.709556e+03
+1.215464e+04	+9.715179e+03	+6.459242e+03
+1.218366e+04	+9.736047e+03	+6.456465e+03
+6.088168e+03	+1.227771e+04	+5.504462e+03
+6.073234e+03	+1.229979e+04	+5.483096e+03
+6.940009e+03	+1.336124e+04	+6.036378e+03
+6.950363e+03	+1.337599e+04	+6.049038e+03
+8.525006e+03	+4.595558e+03	+6.065340e+03
+8.477046e+03	+4.548268e+03	+5.967005e+03
+7.938859e+03	+3.668658e+03	+6.289593e+03
+7.948192e+03	+3.683133e+03	+6.297850e+03
+7.181324e+03	+7.748858e+03	+6.783984e+03
+7.176257e+03	+7.786179e+03	+6.729253e+03
+6.716945e+03	+6.446300e+03	+6.203866e+03
+6.732204e+03	+6.417274e+03	+6.190658e+03
+1.008027e+04	+5.509169e+03	+3.399331e+03
+1.008676e+04	+5.523164e+03	+3.408319e+03
+1.131927e+04	+5.798333e+03	+4.196519e+03
+1.132691e+04	+5.772061e+03	+4.187519e+03
+6.873838e+03	+9.772539e+03	+2.751113e+03
+6.930399e+03	+9.741555e+03	+2.753247e+03
+7.593950e+03	+9.802723e+03	+2.974618e+03
+7.561259e+03	+9.788488e+03	+2.981186e+03
+8.865339e+03	+8.604451e+03	+5.914518e+03
+8.855363e+03	+8.657580e+03	+5.922814e+03
+8.118105e+03	+7.200518e+03	+5.272264e+03
+8.094427e+03	+7.196463e+03	+5.288818e+03
+5.271350e+03	+9.854952e+03	+2.656450e+03
+5.225529e+03	+9.857688e+03	+2.661535e+03
+5.812240e+03	+9.520854e+03	+3.219658e+03
+5.837519e+03	+9.565859e+03	+3.360354e+03
+6.575976e+03	+8.317801e+03	+1.688441e+03
+6.603296e+03	+8.312893e+03	+1.625186e+03
+5.779042e+03	+8.757950e+03	+1.541439e+03
+5.780912e+03	+8.770921e+03	+1.512646e+03
+7.189793e+03	+5.247694e+03	+1.593685e+03
+7.204856e+03	+5.247885e+03	+1.532177e+03
+8.103930e+03	+5.050166e+03	+1.249409e+03
+8.086645e+03	+5.064336e+03	+1.174655e+03
+6.232908e+03	+5.516979e+03	+3.783220e+03
+6.230683e+03	+5.533954e+03	+3.701491e+03
+7.367107e+03	+5.399828e+03	+3.982602e+03
+7.331047e+03	+5.388148e+03	+3.938959e+03
+5.861246e+03	+5.606650e+03	+5.874923e+03
+5.825269e+03	+5.602400e+03	+5.893632e+03
+7.235638e+03	+4.709993e+03	+5.823579e+03
+7.296944e+03	+4.707692e+03	+5.863513e+03
+7.412953e+03	+2.628604e+03	+4.380906e+03
+7.417504e+03	+2.663819e+03	+4.395455e+03
+8.561674e+03	+2.391377e+03	+4.465439e+03
+8.590214e+03	+2.388145e+03	+4.469270e+03
+6.350029e+03	+7.693999e+03	+5.731733e+03
+6.411983e+03	+7.667007e+03	+5.842229e+03
+4.993009e+03	+8.625200e+03	+5.329449e+03
+4.997607e+03	+8.623115e+03	+5.353271e+03
+8.045512e+03	+6.033424e+03	+8.572595e+02
+8.036600e+03	+6.013579e+03	+7.650664e+02
+6.960894e+03	+7.002337e+03	+8.316629e+02
+6.920601e+03	+7.010815e+03	+6.967459e+02
+7.800743e+03	+4.210474e+03	+1.880527e+03
+7.800044e+03	+4.221746e+03	+1.863379e+03
+9.084673e+03	+3.748426e+03	+2.333302e+03
+9.038913e+03	+3.765036e+03	+2.369583e+03
+7.779075e+03	+3.650917e+03	+2.436633e+03
+7.781290e+03	+3.655936e+03	+2.466324e+03
+6.712588e+03	+4.397397e+03	+1.965934e+03
+6.681287e+03	+4.409040e+03	+1.977593e+03
+8.134083e+03	+4.823933e+03	+4.670962e+03
+8.184616e+03	+4.818560e+03	+4.642073e+03
+7.185028e+03	+4.751685e+03	+3.863846e+03
+7.182179e+03	+4.725516e+03	+3.868350e+03
+4.737649e+03	+5.667210e+03	+2.438056e+03
+4.714315e+03	+5.644802e+03	+2.497932e+03
+5.520800e+03	+5.119438e+03	+2.967357e+03
+5.528715e+03	+5.122961e+03	+2.959765e+03
+4.289526e+03	+5.655184e+03	+4.052917e+03
+4.254784e+03	+5.644644e+03	+4.037555e+03
+5.808090e+03	+4.725437e+03	+4.292807e+03
+5.871347e+03	+4.777309e+03	+4.216566e+03
+1.024864e+04	+5.061822e+03	+2.585512e+03
+1.023075e+04	+5.034214e+03	+2.582686e+03
+1.103161e+04	+3.832517e+03	+2.893602e+03
+1.101621e+04	+3.863608e+03	+2.890923e+03
+8.549512e+03	+6.962279e+03	+5.823978e+03
+8.585277e+03	+6.926380e+03	+5.913939e+03
+9.599504e+03	+6.626363e+03	+5.310302e+03
+9.671112e+03	+6.603735e+03	+5.290425e+03
+7.433476e+03	+7.748743e+03	+5.963091e+03
+7.417697e+03	+7.738102e+03	+6.021157e+03
+6.622315e+03	+8.509712e+03	+6.237565e+03
+6.621909e+03	+8.539443e+03	+6.296084e+03
+7.316529e+03	+6.227284e+03	+2.312161e+03
+7.280650e+03	+6.178132e+03	+2.362020e+03
+6.175601e+03	+6.618976e+03	+1.925880e+03
+6.124434e+03	+6.608188e+03	+1.921746e+03
+8.910938e+03	+1.032144e+04	+1.224879e+03
+8.868772e+03	+1.028444e+04	+1.215315e+03
+9.265681e+03	+1.134106e+04	+1.156740e+03
+9.229898e+03	+1.130190e+04	+1.105474e+03
+1.095567e+04	+7.044527e+03	+3.544898e+03
+1.092541e+04	+7.083903e+03	+3.576377e+03
+1.154309e+04	+6.326854e+03	+3.059658e+03
+1.150955e+04	+6.311532e+03	+2.975598e+03
+1.266519e+04	+6.288954e+03	+3.016943e+03
+1.267504e+04	+6.281895e+03	+3.023333e+03
+1.311148e+04	+5.727983e+03	+2.844392e+03
+1.308774e+04	+5.694881e+03	+2.883814e+03
+1.031062e+04	+7.742638e+03	+1.846867e+03
+1.029614e+04	+7.716662e+03	+1.826598e+03
+1.094212e+04	+8.308381e+03	+2.216208e+03
+1.094018e+04	+8.329354e+03	+2.221497e+03
+1.294489e+04	+7.533754e+03	+3.962578e+03
+1.289454e+04	+7.595893e+03	+3.942491e+03
+1.224092e+04	+7.811250e+03	+4.793679e+03
+1.220248e+04	+7.807786e+03	+4.750290e+03
+8.071223e+03	+9.940413e+03	+1.748415e+03
+8.077326e+03	+9.928850e+03	+1.738211e+03
+7.179694e+03	+1.034208e+04	+2.506421e+03
+7.211426e+03	+1.030322e+04	+2.608371e+03
+9.866101e+03	+1.072966e+04	+2.564257e+03
+9.903115e+03	+1.074296e+04	+2.634186e+03
+9.262137e+03	+1.165689e+04	+2.363514e+03
+9.281696e+03	+1.164923e+04	+2.357150e+03
+1.059657e+04	+1.040300e+04	+2.716221e+03
+1.054610e+04	+1.041535e+04	+2.779574e+03
+1.066240e+04	+9.358733e+03	+2.591341e+03
+1.071232e+04	+9.298353e+03	+2.570536e+03
+7.352411e+03	+8.208172e+03	+4.423231e+03
+7.373878e+03	+8.185676e+03	+4.396106e+03
+7.120651e+03	+9.051762e+03	+5.047917e+03
+7.122460e+03	+9.104608e+03	+5.047853e+03
+7.372655e+03	+6.641490e+03	+3.779719e+03
+7.401295e+03	+6.652535e+03	+3.684777e+03
+7.916682e+03	+5.730185e+03	+3.876897e+03
+7.903255e+03	+5.758318e+03	+3.876648e+03
+1.255667e+04	+3.752098e+03	+2.767747e+03
+1.259676e+04	+3.742600e+03	+2.769691e+03
+1.256397e+04	+4.440756e+03	+3.439510e+03
+1.260437e+04	+4.478192e+03	+3.536283e+03
+9.259956e+03	+8.017031e+03	+5.825616e+03
+9.282698e+03	+8.029689e+03	+5.827522e+03
+9.297872e+03	+7.141253e+03	+5.118011e+03
+9.319977e+03	+7.145848e+03	+5.135579e+03
+1.133471e+04	+1.063345e+04	+3.864856e+03
+1.132932e+04	+1.062986e+04	+3.835975e+03
+1.120833e+04	+1.117199e+04	+4.532667e+03
+1.121689e+04	+1.119226e+04	+4.513935e+03
+9.720831e+03	+8.472180e+03	+5.241528e+03
+9.722543e+03	+8.474236e+03	+5.306532e+03
+9.917435e+03	+9.289320e+03	+5.477557e+03
+9.916611e+03	+9.276758e+03	+5.493468e+03
+7.454380e+03	+1.299540e+04	+7.578784e+03
+7.468463e+03	+1.297746e+04	+7.507157e+03
+7.694426e+03	+1.223267e+04	+8.116622e+03
+7.720542e+03	+1.223673e+04	+8.178932e+03
+5.513271e+03	+9.556473e+03	+4.577917e+03
+5.516508e+03	+9.559187e+03	+4.558792e+03
+6.463121e+03	+8.314878e+03	+4.334528e+03
+6.494381e+03	+8.358988e+03	+4.291576e+03
+1.070252e+04	+7.599654e+03	+6.644734e+03
+1.069688e+04	+7.564664e+03	+6.666874e+03
+1.175521e+04	+8.329608e+03	+6.397059e+03
+1.173325e+04	+8.340998e+03	+6.420768e+03
+1.027919e+04	+1.215272e+04	+5.868482e+03
+1.024089e+04	+1.217814e+04	+5.847015e+03
+9.932941e+03	+1.120767e+04	+6.673754e+03
+9.904904e+03	+1.118480e+04	+6.638971e+03
+9.703109e+03	+9.814055e+03	+4.574154e+03
+9.698937e+03	+9.813374e+03	+4.531003e+03
+9.749188e+03	+1.057457e+04	+4.806316e+03
+9.718797e+03	+1.056959e+04	+4.829899e+03
+7.026234e+03	+2.863028e+03	+5.791346e+03
+7.043628e+03	+2.919733e+03	+5.824219e+03
+7.096872e+03	+2.023753e+03	+6.483209e+03
+7.100070e+03	+2.022730e+03	+6.553693e+03
+8.622806e+03	+1.230651e+04	+7.015921e+03
+8.636314e+03	+1.226752e+04	+6.967762e+03
+8.986882e+03	+1.310036e+04	+7.466566e+03
+8.963825e+03	+1.311983e+04	+7.462071e+03
+7.750086e+03	+4.255313e+03	+5.598638e+03
+7.740593e+03	+4.230168e+03	+5.622515e+03
+7.699193e+03	+5.913482e+03	+5.170461e+03
+7.680639e+03	+5.942185e+03	+5.157207e+03
+5.864337e+03	+7.520807e+03	+5.178728e+03
+5.877855e+03	+7.542077e+03	+5.161862e+03
+6.460750e+03	+6.609421e+03	+4.854849e+03
+6.432092e+03	+6.603561e+03	+4.889958e+03
+5.206279e+03	+7.491126e+03	+5.572780e+03
+5.205964e+03	+7.487606e+03	+5.503415e+03
+4.885449e+03	+8.460158e+03	+5.505313e+03
+4.874599e+03	+8.439961e+03	+5.527676e+03
+5.185991e+03	+6.271803e+03	+7.663425e+03
+5.187976e+03	+6.285730e+03	+7.639118e+03
+5.222436e+03	+7.542970e+03	+7.163737e+03
+5.283321e+03	+7.549929e+03	+7.115966e+03
+9.246944e+03	+3.279488e+03	+6.781080e+03
+9.285990e+03	+3.231762e+03	+6.796695e+03
+8.451468e+03	+3.049899e+03	+6.198000e+03
+8.445781e+03	+3.049600e+03	+6.242342e+03
+1.088308e+04	+8.594326e+03	+6.789669e+03
+1.082683e+04	+8.584913e+03	+6.762308e+03
+1.183513e+04	+8.882121e+03	+7.304518e+03
+1.187214e+04	+8.870187e+03	+7.244839e+03
+6.102719e+03	+4.284615e+03	+4.662296e+03
+6.094852e+03	+4.277585e+03	+4.710421e+03
+7.012580e+03	+4.540973e+03	+5.206562e+03
+7.012303e+03	+4.540212e+03	+5.204792e+03
+4.254893e+03	+5.515809e+03	+3.827168e+03
+4.319818e+03	+5.554543e+03	+3.901648e+03
+4.413430e+03	+6.280167e+03	+4.464054e+03
+4.436104e+03	+6.252327e+03	+4.562855e+03
+4.833291e+03	+5.303401e+03	+4.780936e+03
+4.863511e+03	+5.291806e+03	+4.768449e+03
+4.023061e+03	+4.976192e+03	+5.417327e+03
+4.027472e+03	+5.003596e+03	+5.443468e+03
+1.016981e+04	+4.907190e+03	+7.495498e+03
+1.015554e+04	+4.888606e+03	+7.422397e+03
+9.586562e+03	+5.189559e+03	+7.859087e+03
+9.581625e+03	+5.216901e+03	+7.861435e+03
+5.202087e+03	+4.623283e+03	+4.024303e+03
+5.186626e+03	+4.622643e+03	+4.021279e+03
+5.577534e+03	+5.089576e+03	+4.609261e+03
+5.565947e+03	+5.104213e+03	+4.635727e+03
+7.010137e+03	+3.699892e+03	+5.543005e+03
+6.987004e+03	+3.696495e+03	+5.601668e+03
+7.473197e+03	+3.953512e+03	+5.989239e+03
+7.491806e+03	+3.990770e+03	+5.971098e+03
+1.030437e+04	+6.592845e+03	+6.002532e+03
+1.027724e+04	+6.590250e+03	+6.019248e+03
+1.138403e+04	+6.685810e+03	+5.083131e+03
+1.136387e+04	+6.666292e+03	+5.047346e+03
+1.050106e+04	+6.139526e+03	+7.080993e+03
+1.046873e+04	+6.140492e+03	+7.012273e+03
+9.540564e+03	+5.950784e+03	+6.692851e+03
+9.545346e+03	+5.971426e+03	+6.640871e+03
+8.998538e+03	+9.992990e+03	+6.904266e+03
+9.016618e+03	+9.926177e+03	+6.925199e+03
+9.370320e+03	+9.291132e+03	+7.558628e+03
+9.355002e+03	+9.309098e+03	+7.511673e+03
+5.463939e+03	+8.534192e+03	+6.731253e+03
+5.427885e+03	+8.474590e+03	+6.698661e+03
+4.591142e+03	+9.104116e+03	+6.853570e+03
+4.574306e+03	+9.075715e+03	+6.911188e+03
+7.454908e+03	+4.814588e+03	+6.285123e+03
+7.462019e+03	+4.817456e+03	+6.294976e+03
+7.591979e+03	+5.322863e+03	+6.880213e+03
+7.607694e+03	+5.318398e+03	+6.866350e+03
+7.015171e+03	+5.309578e+03	+7.719211e+03
+7.065543e+03	+5.333866e+03	+7.735671e+03
+7.007791e+03	+4.726159e+03	+8.255398e+03
+7.015499e+03	+4.786644e+03	+8.244254e+03
+9.538255e+03	+4.561601e+03	+6.134097e+03
+9.524473e+03	+4.507567e+03	+6.147984e+03
+1.020733e+04	+5.116038e+03	+6.456399e+03
+1.023681e+04	+5.107604e+03	+6.490913e+03
+7.757372e+03	+5.344511e+03	+7.620678e+03
+7.761753e+03	+5.237510e+03	+7.603242e+03
+8.303078e+03	+6.253761e+03	+7.551907e+03
+8.359108e+03	+6.280274e+03	+7.560291e+03
+9.047954e+03	+4.220258e+03	+5.062804e+03
+9.019743e+03	+4.198867e+03	+5.140305e+03
+8.174776e+03	+3.371722e+03	+5.256801e+03
+8.159186e+03	+3.415737e+03	+5.262552e+03
+9.008909e+03	+7.533191e+03	+5.797136e+03
+9.045108e+03	+7.538815e+03	+5.762304e+03
+7.878886e+03	+6.771437e+03	+5.756659e+03
+7.823263e+03	+6.772569e+03	+5.749828e+03
+1.077164e+04	+4.644762e+03	+5.294961e+03
+1.079026e+04	+4.687976e+03	+5.305561e+03
+9.929936e+03	+3.755043e+03	+5.402932e+03
+9.854679e+03	+3.788702e+03	+5.454177e+03
+7.733309e+03	+7.180195e+03	+3.040450e+03
+7.719646e+03	+7.187808e+03	+3.044590e+03
+8.772378e+03	+7.940687e+03	+3.001324e+03
+8.748022e+03	+7.958836e+03	+3.030570e+03
+7.563921e+03	+6.534056e+03	+3.287925e+03
+7.537089e+03	+6.570842e+03	+3.338412e+03
+8.929723e+03	+7.366151e+03	+3.229857e+03
+8.953869e+03	+7.407944e+03	+3.179620e+03
+8.893997e+03	+9.954559e+03	+4.301538e+03
+8.911133e+03	+9.953626e+03	+4.379581e+03
+7.822179e+03	+9.663838e+03	+4.488631e+03
+7.801084e+03	+9.702286e+03	+4.625541e+03
+7.823491e+03	+7.489146e+03	+7.351476e+03
+7.858833e+03	+7.446962e+03	+7.202719e+03
+7.003594e+03	+6.730062e+03	+7.347048e+03
+7.041707e+03	+6.702898e+03	+7.182111e+03
+1.054049e+04	+1.042815e+04	+5.434792e+03
+1.049763e+04	+1.041160e+04	+5.466100e+03
+1.178520e+04	+1.056101e+04	+5.845980e+03
+1.180208e+04	+1.055514e+04	+5.829968e+03
+7.144201e+03	+2.838580e+03	+5.389880e+03
+7.101733e+03	+2.847562e+03	+5.418630e+03
+7.964067e+03	+2.552195e+03	+6.015338e+03
+7.927013e+03	+2.634590e+03	+6.049508e+03
+7.718742e+03	+8.434032e+03	+5.786788e+03
+7.652051e+03	+8.403558e+03	+5.754509e+03
+9.077860e+03	+9.119590e+03	+5.743093e+03
+9.126712e+03	+9.130864e+03	+5.797711e+03
+8.790669e+03	+1.036899e+04	+8.436777e+03
+8.783329e+03	+1.034296e+04	+8.467275e+03
+1.019642e+04	+1.058950e+04	+8.101756e+03
+1.027668e+04	+1.054716e+04	+8.019533e+03
+1.128398e+04	+6.328163e+03	+4.863046e+03
+1.130965e+04	+6.365546e+03	+4.813931e+03
+1.241753e+04	+6.596942e+03	+5.394165e+03
+1.241149e+04	+6.634830e+03	+5.445639e+03
+7.236758e+03	+4.805938e+03	+4.580381e+03
+7.198565e+03	+4.791529e+03	+4.559361e+03
+8.249130e+03	+5.702321e+03	+4.202974e+03
+8.279756e+03	+5.753933e+03	+4.185466e+03
+7.239742e+03	+4.452798e+03	+5.984063e+03
+7.195894e+03	+4.411348e+03	+5.989558e+03
+8.332405e+03	+5.370364e+03	+5.979023e+03
+8.334782e+03	+5.383324e+03	+6.051720e+03
+5.531649e+03	+6.120363e+03	+6.769363e+03
+5.553189e+03	+6.038902e+03	+6.658714e+03
+6.390396e+03	+6.813100e+03	+6.957481e+03
+6.463632e+03	+6.793370e+03	+6.899603e+03
+9.807196e+03	+1.118106e+04	+3.522270e+03
+9.849668e+03	+1.115442e+04	+3.525681e+03
+9.354701e+03	+1.055634e+04	+4.045419e+03
+9.353160e+03	+1.055592e+04	+4.119373e+03
+1.576403e+04	+1.217559e+04	+6.256119e+03
+1.572680e+04	+1.216892e+04	+6.242297e+03
+1.637867e+04	+1.182630e+04	+6.893543e+03
+1.636375e+04	+1.177962e+04	+6.853151e+03
+6.324894e+03	+1.100282e+04	+5.397736e+03
+6.305576e+03	+1.099003e+04	+5.384203e+03
+6.525428e+03	+1.031345e+04	+6.104496e+03
+6.523496e+03	+1.032067e+04	+6.083093e+03
+1.290389e+04	+8.009400e+03	+6.555004e+03
+1.285498e+04	+8.046733e+03	+6.572883e+03
+1.273894e+04	+8.976920e+03	+5.974015e+03
+1.271981e+04	+8.972484e+03	+5.981367e+03
+6.758512e+03	+7.111779e+03	+5.032359e+03
+6.737832e+03	+7.104964e+03	+5.049525e+03
+7.364557e+03	+7.531670e+03	+4.351023e+03
+7.430985e+03	+7.591210e+03	+4.356226e+03
+1.571646e+04	+1.091040e+04	+5.638324e+03
+1.569822e+04	+1.090226e+04	+5.571053e+03
+1.620010e+04	+9.437638e+03	+5.933482e+03
+1.623869e+04	+9.438113e+03	+5.947677e+03
+1.052718e+04	+6.562310e+03	+6.851693e+03
+1.047042e+04	+6.593243e+03	+6.847561e+03
+1.139827e+04	+7.244289e+03	+6.670456e+03
+1.137569e+04	+7.241561e+03	+6.626501e+03
+1.094996e+04	+8.809452e+03	+4.704945e+03
+1.095182e+04	+8.794492e+03	+4.747360e+03
+1.055434e+04	+9.546570e+03	+4.676615e+03
+1.052209e+04	+9.526121e+03	+4.674618e+03
+1.324812e+04	+9.643108e+03	+6.169661e+03
+1.326138e+04	+9.638071e+03	+6.159542e+03
+1.387654e+04	+8.167996e+03	+6.182814e+03
+1.386508e+04	+8.189165e+03	+6.173853e+03
+1.074306e+04	+1.271919e+04	+7.483265e+03
+1.076108e+04	+1.271524e+04	+7.508439e+03
+1.094112e+04	+1.181271e+04	+7.327884e+03
+1.096084e+04	+1.185010e+04	+7.294847e+03
+1.227133e+04	+1.258098e+04	+5.455334e+03
+1.226060e+04	+1.257079e+04	+5.430064e+03
+1.119638e+04	+1.217759e+04	+5.695410e+03
+1.117626e+04	+1.214396e+04	+5.664953e+03
+9.932474e+03	+6.401816e+03	+3.072993e+03
+9.943296e+03	+6.391496e+03	+3.050920e+03
+9.587756e+03	+6.928628e+03	+3.639986e+03
+9.597661e+03	+6.937148e+03	+3.670918e+03
+9.249036e+03	+7.552396e+03	+5.554139e+03
+9.275235e+03	+7.555748e+03	+5.510106e+03
+8.394589e+03	+7.750677e+03	+6.050233e+03
+8.410931e+03	+7.735909e+03	+5.988716e+03
+5.196487e+03	+8.277571e+03	+6.081446e+03
+5.222042e+03	+8.262807e+03	+6.089988e+03
+5.109033e+03	+9.187635e+03	+6.442992e+03
+5.093105e+03	+9.192088e+03	+6.464857e+03
+8.222781e+03	+8.719901e+03	+3.406201e+03
+8.235250e+03	+8.719495e+03	+3.381933e+03
+7.790418e+03	+7.936923e+03	+3.718050e+03
+7.805334e+03	+7.914373e+03	+3.658888e+03
+1.148989e+04	+1.336438e+04	+7.176314e+03
+1.147335e+04	+1.334609e+04	+7.199487e+03
+1.156940e+04	+1.239961e+04	+7.242032e+03
+1.150790e+04	+1.235809e+04	+7.198143e+03
+3.240117e+03	+7.884857e+03	+5.942327e+03
+3.240468e+03	+7.879549e+03	+5.905649e+03
+4.138774e+03	+7.447932e+03	+6.679108e+03
+4.203021e+03	+7.486668e+03	+6.753617e+03
+1.176889e+04	+5.369222e+03	+5.355870e+03
+1.172460e+04	+5.407959e+03	+5.358334e+03
+1.163163e+04	+6.003557e+03	+4.947766e+03
+1.162185e+04	+6.007819e+03	+5.036784e+03
+1.169138e+04	+7.011010e+03	+5.076393e+03
+1.169814e+04	+7.036333e+03	+5.155634e+03
+1.169959e+04	+7.633676e+03	+5.710776e+03
+1.168768e+04	+7.670016e+03	+5.688211e+03
+1.420959e+04	+1.355095e+04	+6.019287e+03
+1.422357e+04	+1.354745e+04	+6.006837e+03
+1.393620e+04	+1.310212e+04	+5.184846e+03
+1.394387e+04	+1.306690e+04	+5.186583e+03
+1.016084e+04	+7.658038e+03	+4.704196e+03
+1.015821e+04	+7.632572e+03	+4.757044e+03
+1.034039e+04	+6.993617e+03	+4.941847e+03
+1.035874e+04	+7.046619e+03	+4.985535e+03
+1.706263e+04	+1.015513e+04	+4.266830e+03
+1.708976e+04	+1.013891e+04	+4.306246e+03
+1.645972e+04	+1.007053e+04	+4.673503e+03
+1.645346e+04	+1.003669e+04	+4.707963e+03
+1.062964e+04	+4.895657e+03	+6.412777e+03
+1.069178e+04	+4.908900e+03	+6.386396e+03
+9.841396e+03	+4.949714e+03	+6.452813e+03
+9.828845e+03	+4.975427e+03	+6.411539e+03
+8.142624e+03	+8.484262e+03	+9.474597e+03
+8.180820e+03	+8.459795e+03	+9.431913e+03
+6.931960e+03	+9.035240e+03	+9.428876e+03
+6.900739e+03	+9.026269e+03	+9.403163e+03
+7.584640e+03	+9.462097e+03	+9.034291e+03
+7.588095e+03	+9.418102e+03	+8.963502e+03
+6.335556e+03	+1.027375e+04	+8.559328e+03
+6.310016e+03	+1.026242e+04	+8.524642e+03
+1.276962e+04	+5.169252e+03	+6.887229e+03
+1.275855e+04	+5.197433e+03	+6.940397e+03
+1.219075e+04	+5.743928e+03	+6.124707e+03
+1.219714e+04	+5.778699e+03	+6.144667e+03
+8.935310e+03	+8.743147e+03	+8.788873e+03
+8.908325e+03	+8.709407e+03	+8.730116e+03
+9.985974e+03	+8.124278e+03	+9.324879e+03
+1.001601e+04	+8.123377e+03	+9.309015e+03
+9.079819e+03	+1.167802e+04	+6.225301e+03
+9.053289e+03	+1.167797e+04	+6.225504e+03
+8.139585e+03	+1.169975e+04	+7.006957e+03
+8.128453e+03	+1.169119e+04	+7.014230e+03
+8.110876e+03	+6.504119e+03	+8.362583e+03
+8.128223e+03	+6.513892e+03	+8.333844e+03
+9.366820e+03	+6.130486e+03	+9.221489e+03
+9.381975e+03	+6.129180e+03	+9.221264e+03
+6.745133e+03	+8.232529e+03	+7.285502e+03
+6.796289e+03	+8.235632e+03	+7.332204e+03
+7.546792e+03	+8.718337e+03	+7.755033e+03
+7.450078e+03	+8.762314e+03	+7.849325e+03
+8.272258e+03	+6.888241e+03	+5.532957e+03
+8.298187e+03	+6.892068e+03	+5.533059e+03
+9.172010e+03	+6.335517e+03	+5.798238e+03
+9.206176e+03	+6.323344e+03	+5.821273e+03
+3.827210e+03	+1.188147e+04	+8.659561e+03
+3.830007e+03	+1.188872e+04	+8.643558e+03
+4.312390e+03	+1.104750e+04	+9.137328e+03
+4.327067e+03	+1.106048e+04	+9.179382e+03
+1.096383e+04	+6.777451e+03	+5.161569e+03
+1.098245e+04	+6.779924e+03	+5.215858e+03
+1.197816e+04	+6.779006e+03	+5.591260e+03
+1.193878e+04	+6.784692e+03	+5.570432e+03
+6.917901e+03	+7.292866e+03	+9.213590e+03
+6.950140e+03	+7.291080e+03	+9.211601e+03
+6.007124e+03	+7.934565e+03	+9.452253e+03
+6.018684e+03	+7.958386e+03	+9.448368e+03
+8.471452e+03	+9.916317e+03	+7.853168e+03
+8.438792e+03	+9.910176e+03	+7.805530e+03
+7.325525e+03	+1.044645e+04	+7.828042e+03
+7.330306e+03	+1.043025e+04	+7.787872e+03
+9.289872e+03	+9.703387e+03	+5.038120e+03
+9.266529e+03	+9.665349e+03	+5.065788e+03
+1.044196e+04	+9.639996e+03	+5.748575e+03
+1.046002e+04	+9.671812e+03	+5.787799e+03
+8.146508e+03	+1.408088e+04	+7.413622e+03
+8.091135e+03	+1.405337e+04	+7.466309e+03
+8.763476e+03	+1.372991e+04	+7.899612e+03
+8.798304e+03	+1.368152e+04	+7.910328e+03
+8.873810e+03	+9.951787e+03	+6.721978e+03
+8.864873e+03	+9.949444e+03	+6.791338e+03
+8.167909e+03	+9.469950e+03	+7.068477e+03
+8.100101e+03	+9.449182e+03	+7.110170e+03
+9.759969e+03	+6.885424e+03	+9.305204e+03
+9.805724e+03	+6.862076e+03	+9.252092e+03
+1.043827e+04	+7.051087e+03	+1.010543e+04
+1.043579e+04	+7.059354e+03	+1.000639e+04
+1.182156e+04	+9.968108e+03	+6.592963e+03
+1.177999e+04	+9.919672e+03	+6.577586e+03
+1.151770e+04	+8.955999e+03	+6.870263e+03
+1.149949e+04	+8.959924e+03	+6.856772e+03
+7.192386e+03	+7.565489e+03	+9.758886e+03
+7.160739e+03	+7.594653e+03	+9.703551e+03
+7.698695e+03	+8.321980e+03	+1.005487e+04
+7.709364e+03	+8.350032e+03	+9.969581e+03
+3.321066e+03	+9.543145e+03	+7.757578e+03
+3.324718e+03	+9.533466e+03	+7.829448e+03
+3.650713e+03	+8.735796e+03	+7.879898e+03
+3.669288e+03	+8.752902e+03	+7.969887e+03
+7.815660e+03	+1.135789e+04	+9.245713e+03
+7.837516e+03	+1.136468e+04	+9.223570e+03
+7.107346e+03	+1.056451e+04	+9.051453e+03
+7.094257e+03	+1.061383e+04	+9.057890e+03
+1.474815e+04	+1.008452e+04	+9.314012e+03
+1.477189e+04	+1.008206e+04	+9.265670e+03
+1.517986e+04	+1.061889e+04	+9.627990e+03
+1.520542e+04	+1.063789e+04	+9.496341e+03
+1.359193e+04	+7.691971e+03	+7.704673e+03
+1.362947e+04	+7.713396e+03	+7.708812e+03
+1.367056e+04	+7.091289e+03	+7.815406e+03
+1.367997e+04	+7.099538e+03	+7.935591e+03
+1.038423e+04	+9.767741e+03	+6.346826e+03
+1.041951e+04	+9.759058e+03	+6.336189e+03
+1.105206e+04	+9.849219e+03	+6.729190e+03
+1.102432e+04	+9.849555e+03	+6.796526e+03
