_____20. 7. 2022_____
 comment:	[001..503]_CC-NN_DMSO_prometaphasemetaphase_Lina_exp44_[p,200,10]_[285_67_151]
 nostates:	2
 nomarkers:	2
 dim:	3
 nodata:	1006





+6.540404e+03	+6.730586e+03	+7.040701e+03
+6.456964e+03	+6.794833e+03	+7.062995e+03
+6.319131e+03	+7.684601e+03	+7.227970e+03
+6.269238e+03	+7.687860e+03	+7.204008e+03
+6.287887e+03	+4.757207e+03	+7.782683e+03
+6.330844e+03	+4.759598e+03	+7.884566e+03
+5.555906e+03	+5.135469e+03	+7.565082e+03
+5.511685e+03	+5.234754e+03	+7.580306e+03
+8.966562e+03	+8.287832e+03	+3.699832e+03
+8.885728e+03	+8.301644e+03	+3.641776e+03
+9.989508e+03	+7.557854e+03	+3.910981e+03
+1.006834e+04	+7.488226e+03	+3.826190e+03
+7.223573e+03	+3.931097e+03	+4.241946e+03
+7.252569e+03	+3.952371e+03	+4.244237e+03
+8.161438e+03	+3.698853e+03	+3.949480e+03
+8.250724e+03	+3.676464e+03	+3.985920e+03
+9.793520e+03	+7.990999e+03	+4.810329e+03
+9.735851e+03	+7.992537e+03	+4.786870e+03
+1.102278e+04	+7.527619e+03	+4.759891e+03
+1.109558e+04	+7.462237e+03	+4.700969e+03
+8.579332e+03	+9.829362e+03	+3.295524e+03
+8.514513e+03	+9.794012e+03	+3.350789e+03
+9.175719e+03	+8.997183e+03	+2.906203e+03
+9.131156e+03	+9.012783e+03	+2.853659e+03
+8.378012e+03	+1.013970e+04	+4.917630e+03
+8.383965e+03	+1.009297e+04	+4.799583e+03
+7.362019e+03	+1.035207e+04	+4.975902e+03
+7.282144e+03	+1.035971e+04	+5.019736e+03
+4.758591e+03	+4.228734e+03	+5.512594e+03
+4.716794e+03	+4.285934e+03	+5.487609e+03
+5.454115e+03	+3.413960e+03	+6.173536e+03
+5.482513e+03	+3.425686e+03	+6.224155e+03
+9.021638e+03	+6.031751e+03	+2.537620e+03
+9.121707e+03	+6.003050e+03	+2.497198e+03
+7.586880e+03	+6.759199e+03	+2.785262e+03
+7.562960e+03	+6.792615e+03	+2.870704e+03
+6.700525e+03	+4.849928e+03	+2.707376e+03
+6.657026e+03	+4.885753e+03	+2.641922e+03
+7.922845e+03	+4.278676e+03	+3.027875e+03
+7.995641e+03	+4.243125e+03	+3.032484e+03
+1.058236e+04	+8.566263e+03	+2.327806e+03
+1.068445e+04	+8.531196e+03	+2.365080e+03
+9.569903e+03	+9.208664e+03	+2.222770e+03
+9.535279e+03	+9.181971e+03	+2.219810e+03
+5.808478e+03	+5.077229e+03	+6.078640e+03
+5.766143e+03	+5.144815e+03	+6.100720e+03
+6.408644e+03	+4.144333e+03	+6.313633e+03
+6.477956e+03	+4.075027e+03	+6.389978e+03
+5.503960e+03	+8.756336e+03	+3.590092e+03
+5.432589e+03	+8.632695e+03	+3.667245e+03
+6.268242e+03	+9.217713e+03	+3.919578e+03
+6.328926e+03	+9.273987e+03	+3.985546e+03
+6.457929e+03	+5.035476e+03	+5.232072e+03
+6.359527e+03	+5.046300e+03	+5.233410e+03
+7.347356e+03	+5.564649e+03	+5.249563e+03
+7.366518e+03	+5.610713e+03	+5.277459e+03
+8.376327e+03	+9.561357e+03	+5.562330e+03
+8.420299e+03	+9.602623e+03	+5.516765e+03
+7.982787e+03	+8.722883e+03	+6.319149e+03
+8.014022e+03	+8.746460e+03	+6.260903e+03
+6.176130e+03	+7.031874e+03	+1.633414e+03
+6.228352e+03	+7.019266e+03	+1.575792e+03
+5.042529e+03	+6.302066e+03	+1.952227e+03
+4.977518e+03	+6.248554e+03	+1.901585e+03
+5.947094e+03	+7.561908e+03	+2.737744e+03
+5.891256e+03	+7.535238e+03	+2.654067e+03
+6.921474e+03	+7.877187e+03	+2.840035e+03
+7.000562e+03	+7.882171e+03	+2.733282e+03
+9.763694e+03	+3.756873e+03	+4.161808e+03
+9.820419e+03	+3.797128e+03	+4.192589e+03
+9.039385e+03	+2.966534e+03	+4.269749e+03
+9.028652e+03	+2.943932e+03	+4.331152e+03
+6.023488e+03	+4.092263e+03	+6.615901e+03
+5.934713e+03	+4.037618e+03	+6.548895e+03
+6.950311e+03	+4.573387e+03	+6.577602e+03
+6.974408e+03	+4.612181e+03	+6.603365e+03
+4.646728e+03	+8.539091e+03	+4.158582e+03
+4.556818e+03	+8.493387e+03	+4.181693e+03
+5.636348e+03	+9.462993e+03	+4.225689e+03
+5.699466e+03	+9.517905e+03	+4.259605e+03
+6.027634e+03	+1.102647e+04	+6.506766e+03
+6.104193e+03	+1.105812e+04	+6.500137e+03
+5.482666e+03	+1.024469e+04	+6.433071e+03
+5.569406e+03	+1.025982e+04	+6.525847e+03
+3.861193e+03	+1.039947e+04	+5.183728e+03
+3.917930e+03	+1.040734e+04	+5.161598e+03
+2.833959e+03	+9.780133e+03	+5.212083e+03
+2.760466e+03	+9.722582e+03	+5.245723e+03
+6.331796e+03	+9.356834e+03	+5.412500e+03
+6.265689e+03	+9.281321e+03	+5.366564e+03
+7.231679e+03	+1.008343e+04	+5.647687e+03
+7.240729e+03	+1.016391e+04	+5.584103e+03
+6.689100e+03	+9.260909e+03	+6.880645e+03
+6.595307e+03	+9.266714e+03	+6.950728e+03
+7.610721e+03	+9.583568e+03	+6.394739e+03
+7.664767e+03	+9.598128e+03	+6.458705e+03
+6.182734e+03	+8.073238e+03	+2.515396e+03
+6.260592e+03	+8.050687e+03	+2.444434e+03
+4.699612e+03	+8.107492e+03	+2.212438e+03
+4.586867e+03	+8.128019e+03	+2.223072e+03
+4.823778e+03	+1.016950e+04	+1.606828e+03
+4.719125e+03	+1.017809e+04	+1.556432e+03
+6.125949e+03	+1.006163e+04	+1.532615e+03
+6.193524e+03	+9.991772e+03	+1.557707e+03
+3.763353e+03	+2.084018e+03	+3.588706e+03
+3.660145e+03	+2.118707e+03	+3.592517e+03
+5.270788e+03	+1.903626e+03	+3.858966e+03
+5.309474e+03	+1.980349e+03	+3.910858e+03
+6.668665e+03	+7.359278e+03	+8.628043e+02
+6.765438e+03	+7.321744e+03	+9.400335e+02
+5.486351e+03	+8.009818e+03	+1.491328e+03
+5.566045e+03	+7.986837e+03	+1.499118e+03
+4.960896e+03	+3.310096e+03	+4.983078e+03
+5.022769e+03	+3.316099e+03	+5.041441e+03
+3.548732e+03	+3.912046e+03	+4.646592e+03
+3.503945e+03	+3.937702e+03	+4.620801e+03
+6.631566e+03	+1.064328e+04	+1.825930e+03
+6.719030e+03	+1.061980e+04	+1.803439e+03
+5.262098e+03	+1.109652e+04	+2.093806e+03
+5.174949e+03	+1.112214e+04	+2.132030e+03
+7.001454e+03	+8.866662e+03	+2.534861e+03
+7.067849e+03	+8.775128e+03	+2.469691e+03
+5.403601e+03	+9.450053e+03	+2.595558e+03
+5.337301e+03	+9.511142e+03	+2.578756e+03
+7.189851e+03	+9.690572e+03	+3.293365e+03
+7.237494e+03	+9.672512e+03	+3.362326e+03
+5.649905e+03	+1.016647e+04	+2.940365e+03
+5.569287e+03	+1.021167e+04	+2.826315e+03
+4.519271e+03	+6.743127e+03	+9.389347e+02
+4.430899e+03	+6.769525e+03	+9.802982e+02
+6.464280e+03	+6.652744e+03	+1.402275e+03
+6.581347e+03	+6.666635e+03	+1.397137e+03
+6.965713e+03	+5.766142e+03	+2.737967e+03
+7.037584e+03	+5.743633e+03	+2.701753e+03
+5.542904e+03	+6.044059e+03	+2.463683e+03
+5.417835e+03	+6.008173e+03	+2.487338e+03
+6.859841e+03	+8.689222e+03	+1.535555e+03
+6.790765e+03	+8.677114e+03	+1.606973e+03
+7.969675e+03	+8.333401e+03	+1.464364e+03
+8.032749e+03	+8.311970e+03	+1.445421e+03
+8.098160e+03	+8.714294e+03	+2.282863e+03
+8.050069e+03	+8.727883e+03	+2.263952e+03
+9.395482e+03	+8.652634e+03	+2.527832e+03
+9.489046e+03	+8.631072e+03	+2.527599e+03
+7.759695e+03	+8.808037e+03	+3.973126e+03
+7.836669e+03	+8.791562e+03	+3.950924e+03
+6.430542e+03	+9.115475e+03	+3.759357e+03
+6.360017e+03	+9.115480e+03	+3.724885e+03
+7.950938e+03	+8.252101e+03	+6.635467e+03
+7.898761e+03	+8.307046e+03	+6.667796e+03
+6.697762e+03	+8.307062e+03	+6.218719e+03
+6.599128e+03	+8.355628e+03	+6.271036e+03
+7.801118e+03	+6.809969e+03	+4.609796e+03
+7.818933e+03	+6.786989e+03	+4.726487e+03
+6.800124e+03	+7.523452e+03	+4.726157e+03
+6.687307e+03	+7.565592e+03	+4.691620e+03
+7.109626e+03	+8.619705e+03	+5.272698e+03
+7.186511e+03	+8.570869e+03	+5.261806e+03
+6.052081e+03	+8.892092e+03	+5.139366e+03
+5.992928e+03	+8.960877e+03	+5.108492e+03
+7.259746e+03	+1.096899e+04	+6.533916e+02
+7.183091e+03	+1.098670e+04	+5.682349e+02
+8.372846e+03	+1.070919e+04	+2.822987e+02
+8.458039e+03	+1.069185e+04	+3.563161e+02
+7.419496e+03	+1.035679e+04	+1.258308e+03
+7.348230e+03	+1.035617e+04	+1.273208e+03
+8.676269e+03	+9.991178e+03	+1.406333e+03
+8.770014e+03	+1.001336e+04	+1.488035e+03
+8.192328e+03	+1.153952e+04	+5.849655e+03
+8.102350e+03	+1.153182e+04	+5.861797e+03
+9.306611e+03	+1.114205e+04	+5.776822e+03
+9.358816e+03	+1.106630e+04	+5.752772e+03
+8.916459e+03	+9.351115e+03	+6.792625e+03
+8.962064e+03	+9.283999e+03	+6.774846e+03
+7.960020e+03	+9.707256e+03	+6.644099e+03
+7.898950e+03	+9.769833e+03	+6.631889e+03
+9.128399e+03	+9.055582e+03	+5.477153e+03
+9.224529e+03	+8.978830e+03	+5.460956e+03
+8.023568e+03	+8.753088e+03	+5.379613e+03
+8.090627e+03	+8.740357e+03	+5.442243e+03
+7.153410e+03	+7.848484e+03	+6.912875e+02
+7.080561e+03	+7.881076e+03	+6.220372e+02
+8.421743e+03	+7.711161e+03	+7.753022e+02
+8.530746e+03	+7.733140e+03	+6.254789e+02
+8.084412e+03	+7.439643e+03	+2.371409e+03
+8.162998e+03	+7.399977e+03	+2.414097e+03
+6.957738e+03	+8.045260e+03	+2.359954e+03
+6.884192e+03	+8.101250e+03	+2.344650e+03
+7.888357e+03	+5.180310e+03	+2.308623e+03
+7.990789e+03	+5.102745e+03	+2.275318e+03
+7.423017e+03	+6.342484e+03	+2.294518e+03
+7.434379e+03	+6.436657e+03	+2.301288e+03
+7.705412e+03	+4.987341e+03	+5.838962e+03
+7.715771e+03	+4.901601e+03	+5.829357e+03
+7.482815e+03	+6.024074e+03	+6.183079e+03
+7.504584e+03	+6.106627e+03	+6.201446e+03
+6.622451e+03	+5.652032e+03	+5.264823e+03
+6.581244e+03	+5.720606e+03	+5.300660e+03
+6.980945e+03	+4.681105e+03	+5.093131e+03
+7.011728e+03	+4.630623e+03	+5.022322e+03
+6.235650e+03	+5.953105e+03	+6.168487e+03
+6.229109e+03	+6.017070e+03	+6.128688e+03
+6.153636e+03	+4.530293e+03	+6.054932e+03
+6.121430e+03	+4.443775e+03	+6.021851e+03
+1.127027e+04	+6.904224e+03	+2.193728e+03
+1.132123e+04	+6.844288e+03	+2.208740e+03
+1.079653e+04	+7.949105e+03	+2.310049e+03
+1.077677e+04	+8.030765e+03	+2.301079e+03
+1.184249e+04	+6.638513e+03	+2.310556e+03
+1.183300e+04	+6.579830e+03	+2.340082e+03
+1.159787e+04	+7.933572e+03	+2.476648e+03
+1.157008e+04	+8.023581e+03	+2.505550e+03
+1.080212e+04	+6.664749e+03	+4.366677e+03
+1.083847e+04	+6.759584e+03	+4.497987e+03
+1.063797e+04	+5.451305e+03	+4.424831e+03
+1.058604e+04	+5.363895e+03	+4.397835e+03
+6.008229e+03	+5.610661e+03	+1.613664e+03
+6.048972e+03	+5.533714e+03	+1.561546e+03
+5.793082e+03	+7.050521e+03	+1.890253e+03
+5.791157e+03	+7.129855e+03	+1.950268e+03
+1.038834e+04	+5.193536e+03	+6.110775e+03
+1.039056e+04	+5.105196e+03	+6.064240e+03
+1.035636e+04	+6.526017e+03	+6.234584e+03
+1.030169e+04	+6.607441e+03	+6.230679e+03
+9.531637e+03	+6.980676e+03	+6.168156e+03
+9.539377e+03	+7.084750e+03	+6.169963e+03
+9.632755e+03	+5.750148e+03	+6.209537e+03
+9.636933e+03	+5.682806e+03	+6.255456e+03
+1.245811e+04	+6.077686e+03	+2.688184e+03
+1.244609e+04	+6.011874e+03	+2.670836e+03
+1.238125e+04	+7.327953e+03	+2.927785e+03
+1.238135e+04	+7.399114e+03	+2.985996e+03
+5.260398e+03	+4.739467e+03	+5.804626e+03
+5.266278e+03	+4.676639e+03	+5.834279e+03
+4.711738e+03	+3.691120e+03	+5.506074e+03
+4.781023e+03	+3.645273e+03	+5.519030e+03
+8.956355e+03	+6.569905e+03	+5.247462e+03
+8.936037e+03	+6.641553e+03	+5.246329e+03
+9.124375e+03	+5.486286e+03	+4.978869e+03
+9.155974e+03	+5.433810e+03	+4.888740e+03
+9.122214e+03	+6.122625e+03	+6.932765e+03
+9.055523e+03	+6.210646e+03	+6.945842e+03
+9.222307e+03	+5.011915e+03	+6.564637e+03
+9.191206e+03	+4.956331e+03	+6.574917e+03
+5.648818e+03	+6.100790e+03	+3.230455e+03
+5.617326e+03	+6.173264e+03	+3.239297e+03
+5.314986e+03	+4.643427e+03	+2.893422e+03
+5.358961e+03	+4.620542e+03	+2.761154e+03
+7.641483e+03	+3.944925e+03	+6.555291e+03
+7.626589e+03	+3.834181e+03	+6.573828e+03
+7.216060e+03	+5.373898e+03	+6.990648e+03
+7.165914e+03	+5.429344e+03	+6.982366e+03
+4.165212e+03	+4.865009e+03	+3.809734e+03
+4.192115e+03	+4.811296e+03	+3.790575e+03
+4.104772e+03	+5.987539e+03	+3.869583e+03
+4.102846e+03	+6.073266e+03	+3.917486e+03
+3.581089e+03	+5.194597e+03	+5.090265e+03
+3.568446e+03	+5.286155e+03	+5.191367e+03
+3.948224e+03	+4.009133e+03	+4.861281e+03
+3.995787e+03	+3.929428e+03	+4.843537e+03
+5.195092e+03	+5.612693e+03	+1.598667e+03
+5.270114e+03	+5.536119e+03	+1.553172e+03
+4.842889e+03	+6.960288e+03	+1.769477e+03
+4.852939e+03	+7.029031e+03	+1.757446e+03
+1.252806e+04	+7.620881e+03	+4.689396e+03
+1.249255e+04	+7.653262e+03	+4.751417e+03
+1.287842e+04	+6.316677e+03	+4.602284e+03
+1.285606e+04	+6.217805e+03	+4.517646e+03
+1.288673e+04	+5.296682e+03	+5.934835e+03
+1.284269e+04	+5.226993e+03	+5.881812e+03
+1.268281e+04	+6.686915e+03	+6.038775e+03
+1.265910e+04	+6.743965e+03	+6.119460e+03
+6.668088e+03	+5.249730e+03	+7.277537e+03
+6.666604e+03	+5.297344e+03	+7.306919e+03
+6.880717e+03	+4.041432e+03	+7.100065e+03
+6.897100e+03	+3.956120e+03	+7.064463e+03
+1.123585e+04	+6.268574e+03	+6.559847e+03
+1.119086e+04	+6.389591e+03	+6.548045e+03
+1.150893e+04	+4.987563e+03	+6.586638e+03
+1.152216e+04	+4.903123e+03	+6.594298e+03
+8.800015e+03	+8.919508e+03	+4.886081e+03
+8.905133e+03	+8.938160e+03	+4.906633e+03
+7.799588e+03	+9.007996e+03	+4.556174e+03
+7.747284e+03	+9.034793e+03	+4.541219e+03
+8.594678e+03	+1.006440e+04	+6.327858e+03
+8.656853e+03	+1.003372e+04	+6.372830e+03
+7.216360e+03	+1.063237e+04	+5.807835e+03
+7.170092e+03	+1.061271e+04	+5.781624e+03
+5.744845e+03	+8.152852e+03	+6.697608e+03
+5.687939e+03	+8.227153e+03	+6.706397e+03
+6.763836e+03	+7.769723e+03	+7.389584e+03
+6.830654e+03	+7.737332e+03	+7.440081e+03
+5.225551e+03	+1.096050e+04	+5.761970e+03
+5.169852e+03	+1.095650e+04	+5.707224e+03
+6.428854e+03	+1.109733e+04	+6.607929e+03
+6.485519e+03	+1.106733e+04	+6.682905e+03
+4.799340e+03	+1.051073e+04	+7.085438e+03
+4.702002e+03	+1.052543e+04	+7.083120e+03
+5.807819e+03	+1.027627e+04	+7.591546e+03
+5.839344e+03	+1.022731e+04	+7.600970e+03
+4.035106e+03	+4.992891e+03	+7.006348e+03
+3.931872e+03	+5.030935e+03	+7.003083e+03
+5.248656e+03	+4.799570e+03	+7.681653e+03
+5.302248e+03	+4.818402e+03	+7.780768e+03
+6.338162e+03	+7.307632e+03	+3.045182e+03
+6.271873e+03	+7.285681e+03	+3.017426e+03
+7.511078e+03	+7.000465e+03	+3.623229e+03
+7.631386e+03	+7.037528e+03	+3.575322e+03
+6.921490e+03	+8.168736e+03	+3.092543e+03
+6.870424e+03	+8.158198e+03	+2.982080e+03
+8.202839e+03	+8.061866e+03	+3.653104e+03
+8.257527e+03	+8.077009e+03	+3.770415e+03
+6.326901e+03	+1.074443e+04	+4.307279e+03
+6.266015e+03	+1.072264e+04	+4.224718e+03
+7.760325e+03	+1.073467e+04	+4.613597e+03
+7.814666e+03	+1.073575e+04	+4.602429e+03
+5.748537e+03	+2.800762e+03	+6.392638e+03
+5.845460e+03	+2.805567e+03	+6.520233e+03
+4.360824e+03	+2.834678e+03	+6.875197e+03
+4.270201e+03	+2.836885e+03	+6.923021e+03
+7.441559e+03	+4.387860e+03	+4.302003e+03
+7.534456e+03	+4.374906e+03	+4.242452e+03
+6.356069e+03	+4.644575e+03	+3.507435e+03
+6.284537e+03	+4.665751e+03	+3.381999e+03
+4.876182e+03	+8.756088e+03	+7.500565e+03
+4.911606e+03	+8.714489e+03	+7.553236e+03
+3.804462e+03	+8.547770e+03	+7.152389e+03
+3.724950e+03	+8.593521e+03	+7.148745e+03
+5.784988e+03	+1.892206e+03	+5.477609e+03
+5.717263e+03	+1.875155e+03	+5.489819e+03
+7.227006e+03	+1.975115e+03	+6.122555e+03
+7.288131e+03	+1.993221e+03	+6.189273e+03
+8.638224e+03	+7.319383e+03	+6.702284e+03
+8.747930e+03	+7.271026e+03	+6.741567e+03
+7.394886e+03	+7.453925e+03	+6.206524e+03
+7.343476e+03	+7.416909e+03	+6.222234e+03
+4.719973e+03	+9.349777e+03	+4.471724e+03
+4.662688e+03	+9.343161e+03	+4.385808e+03
+6.105835e+03	+9.439372e+03	+5.033931e+03
+6.154738e+03	+9.432528e+03	+5.045919e+03
+8.560539e+03	+6.047666e+03	+5.887613e+03
+8.632897e+03	+6.038947e+03	+5.923544e+03
+7.126808e+03	+6.162074e+03	+5.445367e+03
+7.045575e+03	+6.164841e+03	+5.301745e+03
+8.310033e+03	+9.343865e+03	+4.037916e+03
+8.441715e+03	+9.384341e+03	+4.015939e+03
+6.546433e+03	+9.347621e+03	+3.879996e+03
+6.491986e+03	+9.375369e+03	+3.876333e+03
+7.042859e+03	+8.620059e+03	+5.274351e+03
+7.118945e+03	+8.626749e+03	+5.291266e+03
+5.584989e+03	+8.774918e+03	+5.733464e+03
+5.537296e+03	+8.792841e+03	+5.624131e+03
+5.600824e+03	+8.801767e+03	+3.232453e+03
+5.482180e+03	+8.837511e+03	+3.263098e+03
+6.615230e+03	+8.873325e+03	+3.193767e+03
+6.701544e+03	+8.823179e+03	+3.140857e+03
+5.386223e+03	+1.026331e+04	+5.935699e+03
+5.301487e+03	+1.030439e+04	+5.918721e+03
+6.142083e+03	+9.908825e+03	+6.526654e+03
+6.207656e+03	+9.926131e+03	+6.641689e+03
+6.900868e+03	+6.722963e+03	+4.202551e+03
+6.980227e+03	+6.703622e+03	+4.223226e+03
+5.617697e+03	+6.836611e+03	+4.055753e+03
+5.521381e+03	+6.854496e+03	+4.097185e+03
+4.591907e+03	+4.568721e+03	+6.396631e+03
+4.520179e+03	+4.563853e+03	+6.368606e+03
+5.661669e+03	+4.525075e+03	+6.863908e+03
+5.729190e+03	+4.574781e+03	+7.022325e+03
+5.928770e+03	+6.696016e+03	+2.983703e+03
+5.847182e+03	+6.711284e+03	+2.921302e+03
+7.238056e+03	+6.430593e+03	+3.494982e+03
+7.309190e+03	+6.392983e+03	+3.463428e+03
+5.617150e+03	+7.104968e+03	+7.485076e+03
+5.702601e+03	+7.051601e+03	+7.486963e+03
+4.595263e+03	+7.176606e+03	+6.857734e+03
+4.454037e+03	+7.131800e+03	+6.763522e+03
+1.351861e+04	+5.953575e+03	+4.908449e+03
+1.351166e+04	+6.019517e+03	+4.893431e+03
+1.386909e+04	+4.797932e+03	+5.252932e+03
+1.390631e+04	+4.748073e+03	+5.325327e+03
+1.061552e+04	+4.195474e+03	+6.652561e+03
+1.057342e+04	+4.250416e+03	+6.668582e+03
+1.105847e+04	+3.194694e+03	+6.585048e+03
+1.103196e+04	+3.095694e+03	+6.569893e+03
+1.229204e+04	+4.373119e+03	+4.789076e+03
+1.228066e+04	+4.301589e+03	+4.810023e+03
+1.214237e+04	+5.561411e+03	+4.584060e+03
+1.214059e+04	+5.636790e+03	+4.532247e+03
+6.263953e+03	+3.878695e+03	+5.736911e+03
+6.275328e+03	+3.813721e+03	+5.760089e+03
+6.155285e+03	+5.198492e+03	+5.328455e+03
+6.167975e+03	+5.291127e+03	+5.399954e+03
+5.914530e+03	+4.315880e+03	+6.785680e+03
+5.996647e+03	+4.244651e+03	+6.866078e+03
+5.969549e+03	+6.113390e+03	+6.451083e+03
+5.940414e+03	+6.190274e+03	+6.403239e+03
+7.889853e+03	+3.497614e+03	+5.956500e+03
+7.922991e+03	+3.422839e+03	+5.942960e+03
+7.345696e+03	+4.747328e+03	+5.435884e+03
+7.354505e+03	+4.830393e+03	+5.405557e+03
+1.427642e+04	+6.026930e+03	+5.168109e+03
+1.423462e+04	+6.072639e+03	+5.180292e+03
+1.469204e+04	+4.643491e+03	+5.550842e+03
+1.469642e+04	+4.580274e+03	+5.574599e+03
+6.658072e+03	+4.774311e+03	+3.882662e+03
+6.716459e+03	+4.866901e+03	+3.851377e+03
+6.645041e+03	+3.335335e+03	+3.957608e+03
+6.635799e+03	+3.308497e+03	+4.014145e+03
+8.319104e+03	+5.830311e+03	+7.230385e+03
+8.278828e+03	+5.899057e+03	+7.197589e+03
+8.771061e+03	+5.184420e+03	+7.092301e+03
+8.704301e+03	+5.218919e+03	+7.034866e+03
+8.826527e+03	+3.129143e+03	+2.491711e+03
+8.846025e+03	+3.265968e+03	+2.552790e+03
+9.152546e+03	+1.999773e+03	+3.136428e+03
+9.257291e+03	+1.958872e+03	+3.148939e+03
+6.226246e+03	+3.764212e+03	+2.845356e+03
+6.215943e+03	+3.856755e+03	+2.792752e+03
+6.424706e+03	+3.053507e+03	+2.801962e+03
+6.448206e+03	+3.133194e+03	+2.758353e+03
+6.391073e+03	+2.466866e+03	+3.578947e+03
+6.443406e+03	+2.449531e+03	+3.626683e+03
+6.732508e+03	+1.691301e+03	+3.454544e+03
+6.729687e+03	+1.621886e+03	+3.505727e+03
+1.259316e+04	+6.750851e+03	+5.394291e+03
+1.256214e+04	+6.829611e+03	+5.277004e+03
+1.323218e+04	+5.238236e+03	+5.798248e+03
+1.331085e+04	+5.174408e+03	+5.821358e+03
+1.070019e+04	+6.109902e+03	+7.823371e+03
+1.067224e+04	+6.163816e+03	+7.812318e+03
+1.097810e+04	+4.657572e+03	+8.216515e+03
+1.092341e+04	+4.579960e+03	+8.182689e+03
+1.122614e+04	+4.571224e+03	+6.806909e+03
+1.118753e+04	+4.602260e+03	+6.801429e+03
+1.180674e+04	+3.265130e+03	+7.166648e+03
+1.181231e+04	+3.186482e+03	+7.211459e+03
+1.194567e+04	+4.983956e+03	+5.387430e+03
+1.194640e+04	+5.046921e+03	+5.308621e+03
+1.221279e+04	+3.532838e+03	+5.696805e+03
+1.222514e+04	+3.426054e+03	+5.693364e+03
+1.193243e+04	+4.917227e+03	+7.222734e+03
+1.185744e+04	+4.966385e+03	+7.228664e+03
+1.230381e+04	+3.660147e+03	+7.686748e+03
+1.229868e+04	+3.556297e+03	+7.666189e+03
+8.968085e+03	+3.915365e+03	+7.637651e+03
+8.937782e+03	+3.823431e+03	+7.616361e+03
+8.537426e+03	+4.635719e+03	+8.046268e+03
+8.545861e+03	+4.554616e+03	+8.095952e+03
+1.073872e+04	+3.202813e+03	+3.150988e+03
+1.076193e+04	+3.140119e+03	+3.184719e+03
+1.002417e+04	+4.717933e+03	+2.741750e+03
+9.998769e+03	+4.758181e+03	+2.718230e+03
+5.119606e+03	+2.829539e+03	+7.148060e+03
+5.094925e+03	+2.835243e+03	+7.064303e+03
+4.632752e+03	+3.396431e+03	+7.180256e+03
+4.573121e+03	+3.387485e+03	+7.122426e+03
+6.830608e+03	+4.366688e+03	+6.628774e+03
+6.895504e+03	+4.373145e+03	+6.703890e+03
+5.748366e+03	+4.839470e+03	+5.962197e+03
+5.705431e+03	+4.849883e+03	+5.909531e+03
+5.118639e+03	+1.235862e+04	+5.448408e+03
+5.043137e+03	+1.230995e+04	+5.439848e+03
+6.203876e+03	+1.281107e+04	+5.659312e+03
+6.279780e+03	+1.286550e+04	+5.622577e+03
+4.543864e+03	+1.179585e+04	+7.112427e+03
+4.457400e+03	+1.175869e+04	+7.072191e+03
+5.844828e+03	+1.187051e+04	+7.957712e+03
+5.922628e+03	+1.187281e+04	+8.051386e+03
+4.872657e+03	+3.782312e+03	+8.552546e+03
+4.915576e+03	+3.776858e+03	+8.547733e+03
+3.585164e+03	+3.883972e+03	+7.995189e+03
+3.562098e+03	+3.984104e+03	+7.976906e+03
+5.245044e+03	+1.109065e+04	+8.496718e+03
+5.305646e+03	+1.107209e+04	+8.548680e+03
+3.967081e+03	+1.093222e+04	+8.046342e+03
+3.921529e+03	+1.093865e+04	+7.973725e+03
+5.203778e+03	+1.039413e+04	+6.992064e+03
+5.275656e+03	+1.043605e+04	+7.016776e+03
+3.799490e+03	+1.017149e+04	+6.506529e+03
+3.728847e+03	+1.014917e+04	+6.465445e+03
+5.879841e+03	+3.525445e+03	+5.595042e+03
+5.808736e+03	+3.529945e+03	+5.500399e+03
+7.167459e+03	+3.451958e+03	+6.064331e+03
+7.243304e+03	+3.454807e+03	+6.065605e+03
+5.190549e+03	+9.676975e+03	+6.012655e+03
+5.148352e+03	+9.629321e+03	+5.987943e+03
+6.080029e+03	+1.000177e+04	+6.402621e+03
+6.170590e+03	+1.004616e+04	+6.516424e+03
+6.680607e+03	+3.748118e+03	+5.122039e+03
+6.644270e+03	+3.683579e+03	+5.154542e+03
+8.020231e+03	+4.338344e+03	+4.963352e+03
+8.118198e+03	+4.377710e+03	+4.984788e+03
+7.087373e+03	+6.419288e+03	+6.907397e+03
+7.162956e+03	+6.412227e+03	+6.934334e+03
+5.967761e+03	+6.328809e+03	+6.732762e+03
+5.880898e+03	+6.328586e+03	+6.740220e+03
+7.260814e+03	+7.706231e+03	+4.673148e+03
+7.340582e+03	+7.764580e+03	+4.712734e+03
+5.998893e+03	+7.288093e+03	+4.372837e+03
+5.949505e+03	+7.291494e+03	+4.295336e+03
+6.371926e+03	+6.915793e+03	+7.993319e+03
+6.452196e+03	+6.957442e+03	+8.017389e+03
+5.265647e+03	+7.046397e+03	+7.693276e+03
+5.189658e+03	+7.046858e+03	+7.572437e+03
+5.878685e+03	+8.274230e+03	+3.937652e+03
+5.811199e+03	+8.260329e+03	+3.956726e+03
+7.335707e+03	+8.780238e+03	+3.981882e+03
+7.428391e+03	+8.771850e+03	+4.031829e+03
+5.498959e+03	+8.611290e+03	+5.267841e+03
+5.555541e+03	+8.592077e+03	+5.291569e+03
+4.194367e+03	+8.188544e+03	+5.262527e+03
+4.132856e+03	+8.181052e+03	+5.251277e+03
+6.647146e+03	+1.161643e+04	+7.355405e+03
+6.723733e+03	+1.158315e+04	+7.410151e+03
+5.283784e+03	+1.162249e+04	+6.681685e+03
+5.185092e+03	+1.158969e+04	+6.640970e+03
+3.691498e+03	+9.307973e+03	+8.127654e+03
+3.629899e+03	+9.248773e+03	+8.132938e+03
+5.051805e+03	+9.823243e+03	+8.609827e+03
+5.117796e+03	+9.803536e+03	+8.626706e+03
+4.184275e+03	+8.872329e+03	+8.705471e+03
+4.092186e+03	+8.836111e+03	+8.714680e+03
+5.682130e+03	+9.028247e+03	+9.138746e+03
+5.722324e+03	+9.045513e+03	+9.166318e+03
+3.798514e+03	+5.780705e+03	+7.609122e+03
+3.720240e+03	+5.801247e+03	+7.538458e+03
+5.153978e+03	+5.791994e+03	+8.447865e+03
+5.226129e+03	+5.824187e+03	+8.531698e+03
+7.355688e+03	+5.128294e+03	+3.931461e+03
+7.461915e+03	+5.160518e+03	+3.891529e+03
+6.246258e+03	+4.993563e+03	+3.930717e+03
+6.209361e+03	+5.032751e+03	+3.903932e+03
+6.922860e+03	+6.936892e+03	+3.653765e+03
+6.845131e+03	+6.916939e+03	+3.625818e+03
+8.100869e+03	+7.102250e+03	+3.674290e+03
+8.173610e+03	+7.147003e+03	+3.705812e+03
+5.541354e+03	+8.011271e+03	+7.356929e+03
+5.450441e+03	+7.988866e+03	+7.333237e+03
+6.781617e+03	+7.892669e+03	+8.083567e+03
+6.874565e+03	+7.917427e+03	+8.090905e+03
+5.029985e+03	+8.109276e+03	+8.632063e+03
+4.937512e+03	+8.106251e+03	+8.615323e+03
+5.997473e+03	+7.927949e+03	+9.024382e+03
+6.025030e+03	+7.839359e+03	+9.173034e+03
+3.830325e+03	+6.776931e+03	+8.460718e+03
+3.731878e+03	+6.750581e+03	+8.420280e+03
+5.016087e+03	+6.874245e+03	+8.996369e+03
+5.064894e+03	+6.891675e+03	+9.038494e+03
+5.817333e+03	+6.306676e+03	+2.764919e+03
+5.772513e+03	+6.392610e+03	+2.771815e+03
+7.134589e+03	+5.722740e+03	+2.668310e+03
+7.061325e+03	+5.800900e+03	+2.547966e+03
+8.698132e+03	+7.022898e+03	+4.608994e+03
+8.697716e+03	+6.914607e+03	+4.634735e+03
+9.269583e+03	+6.502741e+03	+4.052895e+03
+9.301358e+03	+6.405442e+03	+4.134607e+03
+4.690319e+03	+6.122185e+03	+5.862657e+03
+4.670521e+03	+6.179140e+03	+5.785296e+03
+6.147808e+03	+5.185619e+03	+5.815421e+03
+6.114894e+03	+5.258648e+03	+5.820639e+03
+4.202979e+03	+5.670025e+03	+4.034456e+03
+4.215005e+03	+5.732705e+03	+3.959829e+03
+4.740794e+03	+4.775798e+03	+4.187085e+03
+4.794157e+03	+4.760983e+03	+4.206941e+03
+4.187524e+03	+5.737125e+03	+6.184853e+03
+4.118406e+03	+5.762922e+03	+6.143975e+03
+5.041113e+03	+4.415868e+03	+6.596187e+03
+5.093784e+03	+4.388602e+03	+6.638551e+03
+3.733296e+03	+6.023479e+03	+6.792976e+03
+3.744278e+03	+5.981171e+03	+6.812868e+03
+3.229789e+03	+6.801195e+03	+6.672538e+03
+3.222180e+03	+6.841921e+03	+6.584246e+03
+1.063883e+04	+9.458776e+03	+4.913347e+03
+1.058933e+04	+9.498805e+03	+4.931534e+03
+1.116616e+04	+8.500374e+03	+5.095700e+03
+1.116626e+04	+8.455501e+03	+5.004217e+03
+6.886638e+03	+8.302295e+03	+6.469658e+03
+6.869565e+03	+8.383812e+03	+6.426597e+03
+7.409948e+03	+7.408619e+03	+6.734534e+03
+7.454051e+03	+7.342147e+03	+6.717585e+03
+9.928524e+03	+9.731733e+03	+4.093116e+03
+9.944446e+03	+9.659539e+03	+4.021535e+03
+8.974273e+03	+1.073867e+04	+3.863033e+03
+8.931200e+03	+1.071694e+04	+3.826059e+03
+5.055969e+03	+7.682676e+03	+4.414254e+03
+5.022882e+03	+7.775606e+03	+4.466223e+03
+4.273834e+03	+8.683572e+03	+5.303712e+03
+4.258083e+03	+8.738836e+03	+5.327137e+03
+8.766159e+03	+8.862139e+03	+5.754595e+03
+8.778630e+03	+8.955096e+03	+5.740496e+03
+9.149034e+03	+7.394185e+03	+6.146962e+03
+9.168880e+03	+7.292997e+03	+6.236858e+03
+6.894211e+03	+6.567545e+03	+4.885688e+03
+6.925864e+03	+6.492863e+03	+4.925340e+03
+5.526834e+03	+7.015278e+03	+4.025412e+03
+5.491288e+03	+7.007880e+03	+3.914797e+03
+9.037742e+03	+8.415541e+03	+8.293857e+03
+9.058491e+03	+8.345193e+03	+8.248952e+03
+8.490667e+03	+9.367809e+03	+8.041316e+03
+8.430080e+03	+9.433454e+03	+8.052196e+03
+8.774255e+03	+5.719076e+03	+3.249283e+03
+8.808479e+03	+5.678473e+03	+3.414667e+03
+8.094424e+03	+6.460642e+03	+2.732171e+03
+8.054927e+03	+6.509995e+03	+2.763323e+03
+5.465695e+03	+6.376662e+03	+4.879475e+03
+5.487513e+03	+6.317092e+03	+4.951643e+03
+6.130570e+03	+5.955055e+03	+4.601097e+03
+6.189600e+03	+5.927140e+03	+4.657834e+03
+5.993544e+03	+5.856277e+03	+6.102139e+03
+6.043104e+03	+5.798007e+03	+6.101291e+03
+5.624791e+03	+6.844468e+03	+5.868832e+03
+5.595646e+03	+6.898541e+03	+5.804731e+03
+5.183960e+03	+7.185030e+03	+6.916914e+03
+5.145570e+03	+7.300226e+03	+6.980974e+03
+5.765646e+03	+6.399257e+03	+6.988051e+03
+5.803845e+03	+6.317215e+03	+7.007799e+03
+5.762936e+03	+7.118487e+03	+8.154103e+03
+5.830725e+03	+7.088854e+03	+8.151846e+03
+4.977450e+03	+7.998554e+03	+7.663308e+03
+4.908869e+03	+8.024748e+03	+7.658976e+03
+7.279385e+03	+7.750645e+03	+7.646723e+03
+7.218611e+03	+7.799343e+03	+7.699703e+03
+7.950590e+03	+6.521565e+03	+8.119321e+03
+7.976266e+03	+6.469239e+03	+8.077817e+03
+7.192317e+03	+3.999103e+03	+4.045570e+03
+7.248018e+03	+3.984990e+03	+4.065237e+03
+7.664375e+03	+4.634198e+03	+3.268154e+03
+7.745658e+03	+4.602390e+03	+3.294783e+03
+7.663136e+03	+1.144814e+04	+5.328599e+03
+7.619222e+03	+1.141209e+04	+5.298780e+03
+8.891940e+03	+1.134582e+04	+5.484436e+03
+8.937675e+03	+1.132059e+04	+5.537062e+03
+6.355780e+03	+7.100518e+03	+5.038877e+03
+6.429276e+03	+7.097714e+03	+5.038947e+03
+4.497050e+03	+6.877401e+03	+5.385067e+03
+4.440288e+03	+6.842309e+03	+5.313041e+03
+7.204544e+03	+9.740791e+03	+7.919297e+03
+7.238982e+03	+9.734021e+03	+7.927737e+03
+6.031205e+03	+9.449608e+03	+7.997024e+03
+5.943548e+03	+9.427723e+03	+8.057355e+03
+6.520469e+03	+1.052735e+04	+5.377684e+03
+6.453260e+03	+1.049184e+04	+5.313925e+03
+8.072473e+03	+1.074385e+04	+5.600599e+03
+8.143772e+03	+1.073098e+04	+5.569422e+03
+7.788752e+03	+5.342462e+03	+6.351844e+03
+7.800560e+03	+5.376847e+03	+6.321759e+03
+6.463753e+03	+5.148013e+03	+6.112271e+03
+6.385990e+03	+5.133278e+03	+6.132607e+03
+9.512812e+03	+4.734461e+03	+7.648621e+03
+9.510683e+03	+4.762078e+03	+7.633910e+03
+1.038092e+04	+5.329440e+03	+7.623885e+03
+1.042544e+04	+5.371641e+03	+7.652037e+03
+9.521024e+03	+1.039753e+04	+6.608715e+03
+9.596185e+03	+1.036151e+04	+6.683856e+03
+7.471556e+03	+1.044263e+04	+6.283670e+03
+7.471387e+03	+1.046331e+04	+6.250773e+03
+6.323186e+03	+3.115031e+03	+5.678585e+03
+6.323300e+03	+3.171292e+03	+5.650894e+03
+4.997584e+03	+3.478180e+03	+6.132440e+03
+4.988091e+03	+3.517171e+03	+6.227169e+03
+8.535353e+03	+3.576244e+03	+6.307609e+03
+8.554813e+03	+3.619572e+03	+6.308381e+03
+1.040199e+04	+3.534012e+03	+6.845339e+03
+1.044228e+04	+3.522757e+03	+6.865569e+03
+5.891551e+03	+6.015250e+03	+7.383598e+03
+5.842540e+03	+5.981037e+03	+7.390474e+03
+7.255887e+03	+5.380371e+03	+7.280995e+03
+7.233668e+03	+5.389349e+03	+7.215454e+03
+9.270083e+03	+7.740198e+03	+5.897675e+03
+9.308056e+03	+7.782251e+03	+5.814023e+03
+8.660076e+03	+7.126128e+03	+6.096416e+03
+8.638031e+03	+7.107165e+03	+6.101281e+03
+7.173009e+03	+9.817054e+03	+4.476178e+03
+7.251843e+03	+9.881413e+03	+4.542011e+03
+5.803694e+03	+9.206107e+03	+4.481177e+03
+5.772230e+03	+9.176760e+03	+4.533293e+03
+7.304251e+03	+7.562194e+03	+4.084025e+03
+7.317040e+03	+7.615884e+03	+4.098680e+03
+6.683719e+03	+6.239787e+03	+3.873369e+03
+6.729179e+03	+6.199956e+03	+3.770568e+03
+7.243394e+03	+7.034819e+03	+6.503979e+03
+7.165988e+03	+6.998601e+03	+6.527340e+03
+6.050950e+03	+6.513677e+03	+6.617002e+03
+6.034505e+03	+6.426704e+03	+6.664256e+03
+9.919551e+03	+6.410366e+03	+7.649698e+03
+1.000946e+04	+6.514212e+03	+7.749658e+03
+9.391044e+03	+5.886546e+03	+8.221434e+03
+9.446803e+03	+5.939384e+03	+8.336571e+03
+9.021816e+03	+5.896789e+03	+4.289342e+03
+9.018470e+03	+5.884414e+03	+4.276313e+03
+8.053772e+03	+4.550285e+03	+4.470695e+03
+7.996983e+03	+4.513004e+03	+4.462261e+03
+6.706264e+03	+6.482327e+03	+8.877674e+03
+6.755376e+03	+6.514717e+03	+8.905234e+03
+6.072241e+03	+5.612208e+03	+8.443892e+03
+6.080125e+03	+5.538534e+03	+8.359798e+03
+5.487213e+03	+7.956163e+03	+8.465723e+03
+5.532638e+03	+7.990550e+03	+8.471140e+03
+4.670445e+03	+6.591391e+03	+8.256866e+03
+4.641145e+03	+6.531825e+03	+8.231294e+03
+8.638982e+03	+6.331960e+03	+8.593376e+03
+8.582297e+03	+6.263270e+03	+8.606114e+03
+9.533533e+03	+7.409220e+03	+8.764332e+03
+9.565582e+03	+7.468261e+03	+8.737149e+03
+1.189627e+04	+4.998318e+03	+4.642965e+03
+1.191277e+04	+5.064597e+03	+4.683748e+03
+1.113038e+04	+3.962941e+03	+4.180261e+03
+1.108756e+04	+3.901014e+03	+4.069520e+03
+1.181713e+04	+4.491564e+03	+4.987851e+03
+1.179994e+04	+4.544764e+03	+5.020891e+03
+1.076677e+04	+3.381065e+03	+4.890702e+03
+1.064857e+04	+3.343825e+03	+4.803489e+03
+4.540767e+03	+1.036888e+04	+7.015991e+03
+4.527420e+03	+1.032535e+04	+7.029752e+03
+5.230222e+03	+1.122280e+04	+6.544842e+03
+5.300352e+03	+1.128530e+04	+6.476957e+03
+6.086039e+03	+9.096529e+03	+7.852039e+03
+6.122396e+03	+9.156991e+03	+7.757038e+03
+8.037468e+03	+1.059489e+04	+8.225970e+03
+8.087678e+03	+1.066222e+04	+8.113728e+03
+5.544146e+03	+8.981746e+03	+9.045345e+03
+5.474646e+03	+8.925332e+03	+9.069609e+03
+5.980599e+03	+9.847604e+03	+8.650191e+03
+6.017817e+03	+9.912489e+03	+8.629808e+03
+1.026192e+04	+9.019662e+03	+8.913653e+03
+1.026518e+04	+9.063481e+03	+8.771044e+03
+9.529453e+03	+8.551947e+03	+9.214894e+03
+9.550014e+03	+8.644856e+03	+9.174674e+03
+5.816518e+03	+9.331974e+03	+5.417460e+03
+5.898731e+03	+9.367389e+03	+5.369165e+03
+4.938540e+03	+8.509747e+03	+6.039425e+03
+4.907433e+03	+8.428526e+03	+6.079717e+03
+8.500763e+03	+5.423208e+03	+6.551571e+03
+8.456186e+03	+5.326650e+03	+6.639380e+03
+7.698644e+03	+4.985182e+03	+6.395070e+03
+7.627647e+03	+5.044385e+03	+6.421157e+03
+1.279312e+04	+6.232124e+03	+6.583296e+03
+1.281059e+04	+6.322919e+03	+6.496939e+03
+1.248365e+04	+5.135157e+03	+7.288096e+03
+1.242449e+04	+5.142445e+03	+7.370413e+03
+9.788319e+03	+5.187478e+03	+5.604081e+03
+9.849935e+03	+5.262969e+03	+5.489167e+03
+9.584051e+03	+4.372151e+03	+6.348245e+03
+9.645899e+03	+4.335974e+03	+6.458685e+03
+1.058847e+04	+4.906224e+03	+6.591509e+03
+1.059772e+04	+4.893405e+03	+6.674986e+03
+1.102961e+04	+5.696874e+03	+7.286405e+03
+1.096762e+04	+5.633758e+03	+7.308863e+03
+5.096838e+03	+1.186453e+04	+9.131059e+03
+5.124701e+03	+1.181635e+04	+9.193112e+03
+6.162304e+03	+1.258332e+04	+8.385400e+03
+6.247915e+03	+1.262606e+04	+8.336240e+03
+1.051739e+04	+5.752801e+03	+7.823512e+03
+1.051089e+04	+5.674200e+03	+7.821718e+03
+1.141679e+04	+6.817162e+03	+8.065358e+03
+1.136305e+04	+6.837384e+03	+8.163718e+03
+7.833351e+03	+7.490247e+03	+6.772563e+03
+7.838293e+03	+7.596212e+03	+6.708639e+03
+7.381836e+03	+6.551709e+03	+7.519336e+03
+7.418017e+03	+6.508317e+03	+7.599764e+03
+8.876238e+03	+7.185702e+03	+7.188432e+03
+8.924462e+03	+7.225873e+03	+7.129313e+03
+9.876023e+03	+7.827779e+03	+7.902719e+03
+9.937394e+03	+7.924222e+03	+7.819997e+03
+9.444895e+03	+7.450723e+03	+7.537887e+03
+9.445287e+03	+7.378619e+03	+7.487209e+03
+8.560630e+03	+6.306250e+03	+8.169793e+03
+8.544390e+03	+6.231085e+03	+8.221893e+03
+9.240308e+03	+7.073394e+03	+8.945317e+03
+9.193919e+03	+7.025614e+03	+9.030451e+03
+1.010581e+04	+7.841651e+03	+9.665288e+03
+1.001857e+04	+7.807783e+03	+9.676459e+03
+1.201392e+04	+5.375655e+03	+8.243705e+03
+1.200129e+04	+5.348692e+03	+8.285198e+03
+1.265055e+04	+5.733231e+03	+9.029345e+03
+1.259138e+04	+5.689997e+03	+9.056767e+03
+1.059592e+04	+8.504573e+03	+1.062874e+04
+1.059098e+04	+8.445423e+03	+1.070664e+04
+8.849037e+03	+7.341836e+03	+1.010857e+04
+8.771869e+03	+7.294459e+03	+1.011691e+04
+8.039583e+03	+1.131686e+04	+2.108428e+03
+8.114158e+03	+1.133046e+04	+2.135763e+03
+6.846010e+03	+1.180070e+04	+1.951786e+03
+6.763186e+03	+1.175846e+04	+1.960786e+03
+8.461321e+03	+1.147930e+04	+2.797194e+03
+8.544726e+03	+1.146835e+04	+2.734204e+03
+7.366917e+03	+1.151142e+04	+2.529502e+03
+7.285174e+03	+1.155047e+04	+2.473827e+03
+6.339789e+03	+9.562819e+03	+2.192907e+03
+6.243593e+03	+9.614605e+03	+2.164078e+03
+7.003106e+03	+8.903756e+03	+2.126871e+03
+7.092663e+03	+8.848187e+03	+2.109468e+03
+6.266276e+03	+8.854472e+03	+2.976186e+03
+6.201853e+03	+8.887457e+03	+2.936607e+03
+7.336316e+03	+7.992581e+03	+3.046690e+03
+7.376181e+03	+7.950416e+03	+3.031785e+03
+6.045353e+03	+8.500071e+03	+4.516316e+03
+6.078023e+03	+8.466905e+03	+4.546008e+03
+4.642023e+03	+9.538439e+03	+4.283675e+03
+4.556085e+03	+9.568503e+03	+4.334279e+03
+4.114419e+03	+5.634371e+03	+1.588153e+03
+4.109518e+03	+5.720173e+03	+1.560375e+03
+5.322811e+03	+4.909561e+03	+1.650061e+03
+5.415917e+03	+4.881679e+03	+1.639169e+03
+6.954386e+03	+7.162500e+03	+2.217995e+03
+7.030394e+03	+7.156641e+03	+2.269139e+03
+7.689581e+03	+6.627652e+03	+1.651812e+03
+7.730778e+03	+6.582646e+03	+1.691058e+03
+9.502656e+03	+7.798187e+03	+3.460456e+03
+9.559440e+03	+7.729703e+03	+3.448330e+03
+8.465039e+03	+8.781202e+03	+3.463989e+03
+8.391250e+03	+8.833526e+03	+3.471943e+03
+7.031805e+03	+9.637910e+03	+3.030030e+03
+7.110457e+03	+9.626986e+03	+3.174084e+03
+6.145218e+03	+1.066599e+04	+2.619853e+03
+6.017538e+03	+1.066553e+04	+2.587824e+03
+7.170203e+03	+6.770001e+03	+5.146430e+03
+7.215056e+03	+6.748198e+03	+5.122449e+03
+6.344548e+03	+7.436039e+03	+5.324699e+03
+6.251370e+03	+7.494945e+03	+5.291856e+03
+1.135833e+04	+3.994017e+03	+4.686004e+03
+1.139612e+04	+4.108324e+03	+4.614755e+03
+1.044945e+04	+2.815251e+03	+4.955966e+03
+1.039407e+04	+2.764212e+03	+5.071912e+03
+6.192925e+03	+7.213928e+03	+6.236374e+03
+6.145969e+03	+7.107404e+03	+6.201890e+03
+6.886617e+03	+8.241929e+03	+6.237445e+03
+6.947877e+03	+8.318943e+03	+6.289837e+03
+9.893174e+03	+5.934462e+03	+9.635420e+02
+9.970589e+03	+5.973782e+03	+1.038051e+03
+9.324080e+03	+4.811768e+03	+1.153495e+03
+9.323973e+03	+4.746942e+03	+1.269608e+03
+5.119409e+03	+9.176336e+03	+2.698658e+03
+5.123104e+03	+9.148656e+03	+2.609194e+03
+6.013643e+03	+1.021780e+04	+2.887891e+03
+6.004670e+03	+1.029113e+04	+2.892611e+03
+7.654587e+03	+6.883626e+03	+5.942983e+03
+7.610490e+03	+6.841523e+03	+5.880427e+03
+8.113854e+03	+7.688553e+03	+6.170428e+03
+8.201405e+03	+7.730837e+03	+6.191311e+03
+7.939965e+03	+6.203205e+03	+2.625809e+03
+7.886526e+03	+6.146393e+03	+2.547653e+03
+8.665746e+03	+7.107241e+03	+2.562841e+03
+8.683793e+03	+7.168277e+03	+2.584136e+03
+5.242538e+03	+1.040554e+04	+2.791051e+03
+5.300111e+03	+1.042300e+04	+2.865800e+03
+4.417451e+03	+9.033246e+03	+2.721219e+03
+4.428626e+03	+8.957304e+03	+2.741614e+03
+5.758137e+03	+8.742691e+03	+6.637458e+03
+5.823739e+03	+8.781945e+03	+6.696202e+03
+5.006519e+03	+7.615350e+03	+6.352301e+03
+4.952365e+03	+7.542627e+03	+6.328774e+03
+6.447951e+03	+8.372717e+03	+7.001371e+03
+6.465658e+03	+8.389990e+03	+6.990980e+03
+5.536063e+03	+7.409508e+03	+6.749445e+03
+5.481514e+03	+7.342117e+03	+6.684060e+03
+9.162682e+03	+5.943912e+03	+2.219172e+03
+9.168132e+03	+5.843946e+03	+2.248165e+03
+9.857649e+03	+7.144398e+03	+2.211271e+03
+9.921148e+03	+7.195049e+03	+2.259028e+03
+1.083502e+04	+4.445186e+03	+6.330111e+03
+1.085494e+04	+4.503747e+03	+6.274332e+03
+1.015891e+04	+3.340702e+03	+6.026629e+03
+1.006410e+04	+3.313219e+03	+6.061380e+03
+9.520207e+03	+4.560827e+03	+6.871964e+03
+9.409063e+03	+4.567581e+03	+6.820551e+03
+1.021455e+04	+5.459874e+03	+6.789218e+03
+1.023239e+04	+5.504267e+03	+6.737340e+03
+9.562327e+03	+6.091123e+03	+6.457920e+03
+9.558622e+03	+6.141398e+03	+6.315313e+03
+8.665387e+03	+5.174442e+03	+6.596627e+03
+8.607858e+03	+5.108270e+03	+6.659427e+03
+4.461368e+03	+9.365195e+03	+5.948666e+03
+4.479635e+03	+9.305309e+03	+5.966243e+03
+5.428749e+03	+1.053438e+04	+6.109173e+03
+5.510365e+03	+1.051776e+04	+6.114790e+03
+1.189622e+04	+4.628237e+03	+1.962888e+03
+1.192085e+04	+4.688536e+03	+1.980249e+03
+1.137499e+04	+3.621553e+03	+1.883568e+03
+1.133205e+04	+3.586648e+03	+1.824888e+03
+7.400182e+03	+5.851556e+03	+7.180310e+03
+7.334911e+03	+5.785479e+03	+7.162214e+03
+8.256555e+03	+6.879271e+03	+7.343610e+03
+8.303150e+03	+6.929404e+03	+7.331918e+03
+6.381675e+03	+7.003321e+03	+1.657742e+03
+6.345759e+03	+6.959357e+03	+1.644985e+03
+7.576378e+03	+7.802702e+03	+1.927215e+03
+7.638246e+03	+7.865327e+03	+2.039966e+03
+8.756087e+03	+3.615572e+03	+3.058964e+03
+8.662437e+03	+3.550457e+03	+2.974543e+03
+9.728047e+03	+4.782647e+03	+3.150919e+03
+9.813656e+03	+4.857079e+03	+3.055784e+03
+1.051798e+04	+5.601758e+03	+1.268798e+03
+1.051243e+04	+5.738318e+03	+1.327397e+03
+9.714997e+03	+4.382548e+03	+1.374766e+03
+9.680065e+03	+4.351811e+03	+1.446481e+03
+6.555531e+03	+7.423703e+03	+5.976050e+03
+6.591199e+03	+7.497833e+03	+6.004505e+03
+5.931355e+03	+6.623642e+03	+5.646783e+03
+5.888577e+03	+6.549583e+03	+5.530615e+03
+1.168153e+04	+6.582286e+03	+2.605460e+03
+1.173644e+04	+6.642466e+03	+2.600593e+03
+1.090603e+04	+5.488176e+03	+2.092243e+03
+1.088916e+04	+5.439154e+03	+2.183829e+03
+9.027772e+03	+5.352717e+03	+2.823821e+03
+8.973282e+03	+5.308742e+03	+2.778778e+03
+9.812010e+03	+6.045975e+03	+3.236902e+03
+9.854697e+03	+6.119792e+03	+3.250824e+03
+1.021937e+04	+5.318009e+03	+6.262304e+03
+1.028301e+04	+5.344063e+03	+6.230355e+03
+1.143554e+04	+6.204680e+03	+6.305104e+03
+1.147089e+04	+6.233256e+03	+6.342580e+03
+7.322083e+03	+8.646163e+03	+4.895163e+03
+7.325079e+03	+8.729072e+03	+4.945263e+03
+6.787875e+03	+7.892029e+03	+4.417173e+03
+6.752537e+03	+7.844198e+03	+4.387280e+03
+7.790318e+03	+7.536085e+03	+1.893525e+03
+7.769150e+03	+7.475780e+03	+1.886745e+03
+8.689482e+03	+8.339630e+03	+2.040605e+03
+8.804665e+03	+8.397369e+03	+1.991553e+03
+1.016677e+04	+4.734919e+03	+7.696765e+03
+1.011110e+04	+4.626790e+03	+7.657203e+03
+1.095718e+04	+5.745996e+03	+8.036326e+03
+1.097633e+04	+5.826103e+03	+8.062103e+03
+8.547536e+03	+7.337762e+03	+3.888112e+03
+8.625390e+03	+7.381896e+03	+3.797682e+03
+7.900252e+03	+6.908754e+03	+3.513782e+03
+7.862290e+03	+6.861404e+03	+3.494793e+03
+5.294683e+03	+9.833258e+03	+7.175996e+03
+5.364394e+03	+9.891243e+03	+7.186974e+03
+4.280622e+03	+8.900081e+03	+6.873703e+03
+4.232103e+03	+8.846589e+03	+6.925492e+03
+5.219254e+03	+9.392298e+03	+8.193700e+03
+5.269419e+03	+9.425362e+03	+8.212417e+03
+4.568133e+03	+8.483833e+03	+7.883066e+03
+4.578016e+03	+8.421888e+03	+7.882190e+03
+7.506685e+03	+5.486775e+03	+5.918801e+03
+7.459710e+03	+5.414758e+03	+5.891197e+03
+8.290433e+03	+6.049520e+03	+6.355134e+03
+8.316859e+03	+6.106148e+03	+6.405992e+03
+7.494793e+03	+5.847820e+03	+7.246243e+03
+7.497566e+03	+5.918514e+03	+7.305500e+03
+6.549218e+03	+4.844290e+03	+6.787855e+03
+6.501228e+03	+4.760773e+03	+6.750720e+03
+6.912311e+03	+6.450124e+03	+6.937449e+03
+6.966304e+03	+6.499477e+03	+6.980320e+03
+5.978056e+03	+5.760457e+03	+6.293725e+03
+5.922716e+03	+5.715708e+03	+6.136249e+03
+1.192730e+04	+5.169588e+03	+5.272980e+03
+1.195307e+04	+5.234218e+03	+5.349855e+03
+1.137837e+04	+4.170034e+03	+5.040243e+03
+1.130127e+04	+4.135409e+03	+5.084064e+03
+6.634996e+03	+9.755259e+03	+2.908964e+03
+6.657500e+03	+9.827723e+03	+2.945809e+03
+6.344984e+03	+8.833277e+03	+2.449643e+03
+6.370765e+03	+8.757371e+03	+2.454369e+03
+1.171523e+04	+5.707468e+03	+2.936571e+03
+1.174937e+04	+5.802932e+03	+2.921697e+03
+1.089138e+04	+4.760266e+03	+2.790363e+03
+1.083542e+04	+4.696976e+03	+2.738172e+03
+7.771810e+03	+9.884966e+03	+3.089008e+03
+7.846612e+03	+9.950594e+03	+3.155790e+03
+7.223186e+03	+9.129226e+03	+2.565817e+03
+7.139237e+03	+9.078221e+03	+2.569011e+03
+5.589651e+03	+7.374740e+03	+8.515991e+03
+5.484038e+03	+7.325853e+03	+8.523842e+03
+6.469785e+03	+8.011330e+03	+8.852322e+03
+6.540058e+03	+8.007037e+03	+8.885779e+03
+1.059356e+04	+7.012632e+03	+6.758715e+03
+1.063342e+04	+7.087901e+03	+6.808008e+03
+9.798408e+03	+6.233275e+03	+6.690191e+03
+9.772153e+03	+6.170915e+03	+6.684579e+03
+9.216618e+03	+7.461752e+03	+7.501130e+03
+9.263819e+03	+7.525029e+03	+7.502729e+03
+8.687710e+03	+6.269018e+03	+7.455832e+03
+8.619773e+03	+6.235406e+03	+7.424527e+03
+9.399902e+03	+4.873055e+03	+6.255955e+03
+9.339083e+03	+4.809149e+03	+6.255209e+03
+9.428737e+03	+3.230546e+03	+6.949112e+03
+9.351545e+03	+3.192170e+03	+6.903409e+03
+8.252333e+03	+4.998114e+03	+8.027656e+03
+8.210301e+03	+4.944398e+03	+8.003325e+03
+9.190251e+03	+6.035049e+03	+8.438318e+03
+9.229458e+03	+6.102635e+03	+8.550771e+03
+6.942186e+03	+7.816083e+03	+2.473262e+03
+6.931976e+03	+7.747444e+03	+2.365117e+03
+7.450616e+03	+8.574006e+03	+2.518393e+03
+7.465779e+03	+8.600531e+03	+2.544492e+03
+1.126459e+04	+6.331762e+03	+4.312167e+03
+1.130497e+04	+6.404191e+03	+4.385395e+03
+1.077421e+04	+5.634083e+03	+3.992200e+03
+1.074890e+04	+5.580446e+03	+3.912921e+03
+6.778345e+03	+2.746422e+03	+2.933808e+03
+6.743141e+03	+2.760912e+03	+2.860513e+03
+7.663306e+03	+2.583321e+03	+2.196262e+03
+7.732552e+03	+2.606705e+03	+2.226113e+03
+6.032793e+03	+3.599579e+03	+3.497922e+03
+6.099234e+03	+3.581515e+03	+3.593703e+03
+4.998375e+03	+3.443577e+03	+3.310429e+03
+4.929700e+03	+3.451768e+03	+3.293613e+03
+5.833132e+03	+3.912441e+03	+4.910222e+03
+5.775536e+03	+3.871171e+03	+5.016468e+03
+7.139400e+03	+4.114722e+03	+5.395451e+03
+7.195822e+03	+4.086179e+03	+5.438168e+03
+5.465008e+03	+9.919560e+03	+3.754071e+03
+5.416024e+03	+9.859379e+03	+3.763380e+03
+6.404428e+03	+1.015671e+04	+3.884440e+03
+6.494568e+03	+1.012796e+04	+3.863924e+03
+6.708900e+03	+3.739931e+03	+6.289774e+03
+6.707925e+03	+3.743608e+03	+6.290827e+03
+7.460801e+03	+4.612329e+03	+6.464158e+03
+7.498416e+03	+4.664817e+03	+6.486259e+03
+5.416581e+03	+6.132358e+03	+7.579767e+03
+5.474405e+03	+6.156078e+03	+7.591907e+03
+4.496037e+03	+5.726543e+03	+7.043105e+03
+4.425798e+03	+5.678412e+03	+7.009101e+03
+3.636232e+03	+3.852632e+03	+5.462035e+03
+3.557469e+03	+3.878482e+03	+5.402708e+03
+4.866072e+03	+4.598254e+03	+6.170357e+03
+4.772024e+03	+4.613266e+03	+6.124412e+03
+4.036142e+03	+8.191672e+03	+2.884528e+03
+3.993958e+03	+8.112744e+03	+2.876993e+03
+5.642048e+03	+8.623748e+03	+2.853052e+03
+5.583363e+03	+8.589037e+03	+2.895330e+03
+6.114656e+03	+4.957404e+03	+6.543341e+03
+6.170915e+03	+4.987385e+03	+6.658095e+03
+5.122995e+03	+4.118620e+03	+6.023203e+03
+5.171039e+03	+4.083962e+03	+6.011077e+03
+8.418634e+03	+5.572782e+03	+2.086591e+03
+8.504582e+03	+5.597486e+03	+2.097752e+03
+6.869726e+03	+5.467311e+03	+2.533903e+03
+6.818362e+03	+5.484300e+03	+2.492893e+03
+4.838807e+03	+3.858346e+03	+2.123134e+03
+4.790833e+03	+3.901295e+03	+2.129333e+03
+6.141748e+03	+3.987968e+03	+1.938459e+03
+6.213909e+03	+4.007750e+03	+1.876266e+03
+8.229688e+03	+3.722894e+03	+2.786676e+03
+8.299915e+03	+3.807230e+03	+2.727570e+03
+7.333856e+03	+3.196821e+03	+2.562445e+03
+7.278220e+03	+3.184497e+03	+2.500729e+03
+5.617040e+03	+4.647674e+03	+3.471864e+03
+5.635987e+03	+4.589123e+03	+3.523213e+03
+6.245423e+03	+5.570968e+03	+3.154256e+03
+6.319601e+03	+5.633819e+03	+3.110100e+03
+5.941198e+03	+6.013509e+03	+3.923381e+03
+5.963367e+03	+6.086750e+03	+3.929215e+03
+5.484711e+03	+5.245614e+03	+4.600358e+03
+5.453252e+03	+5.238485e+03	+4.727134e+03
+6.208311e+03	+4.279303e+03	+3.814447e+03
+6.155853e+03	+4.293069e+03	+3.904355e+03
+6.781004e+03	+4.836992e+03	+3.230321e+03
+6.684023e+03	+4.936451e+03	+3.279382e+03
+6.929521e+03	+7.652127e+03	+4.650800e+03
+6.894149e+03	+7.601541e+03	+4.657026e+03
+7.517470e+03	+8.274151e+03	+4.414808e+03
+7.565221e+03	+8.351051e+03	+4.352904e+03
+4.228563e+03	+4.515690e+03	+3.064127e+03
+4.228405e+03	+4.488016e+03	+3.167440e+03
+4.755064e+03	+5.328473e+03	+2.362421e+03
+4.784791e+03	+5.347494e+03	+2.309745e+03
+4.574515e+03	+9.374794e+03	+6.050852e+03
+4.573337e+03	+9.384153e+03	+5.931832e+03
+3.740667e+03	+8.607960e+03	+6.155945e+03
+3.743075e+03	+8.521634e+03	+6.178048e+03
+5.246405e+03	+6.286026e+03	+3.084765e+03
+5.247115e+03	+6.257401e+03	+3.131178e+03
+5.843063e+03	+7.111446e+03	+2.593096e+03
+5.959921e+03	+7.084366e+03	+2.497146e+03
+1.044998e+04	+6.209621e+03	+6.436779e+03
+1.046765e+04	+6.250917e+03	+6.516023e+03
+1.089379e+04	+7.023702e+03	+6.635134e+03
+1.088583e+04	+7.069142e+03	+6.608564e+03
+9.296441e+03	+6.092687e+03	+5.156487e+03
+9.296443e+03	+6.152086e+03	+5.071224e+03
+8.662352e+03	+5.182128e+03	+5.389204e+03
+8.636905e+03	+5.157605e+03	+5.516497e+03
+8.567358e+03	+6.028092e+03	+7.232444e+03
+8.650402e+03	+6.030841e+03	+7.143997e+03
+8.110033e+03	+5.250527e+03	+7.830098e+03
+8.055699e+03	+5.182052e+03	+7.871230e+03
+5.125385e+03	+8.106650e+03	+2.122953e+03
+5.215506e+03	+8.129569e+03	+2.077784e+03
+4.464715e+03	+7.386241e+03	+2.453904e+03
+4.449524e+03	+7.348784e+03	+2.524321e+03
+5.712127e+03	+7.901600e+03	+2.486825e+03
+5.803639e+03	+7.926032e+03	+2.432202e+03
+5.054540e+03	+7.214927e+03	+2.673478e+03
+5.025025e+03	+7.213570e+03	+2.741386e+03
+5.279344e+03	+8.588819e+03	+3.847762e+03
+5.337953e+03	+8.636374e+03	+3.743303e+03
+4.497600e+03	+8.029412e+03	+4.073520e+03
+4.489034e+03	+7.996676e+03	+4.048437e+03
+7.404695e+03	+6.937089e+03	+3.168026e+03
+7.419096e+03	+6.979460e+03	+3.039038e+03
+6.991824e+03	+6.243369e+03	+3.796142e+03
+6.971913e+03	+6.208246e+03	+3.756863e+03
+7.830685e+03	+6.773487e+03	+4.389780e+03
+7.925549e+03	+6.790990e+03	+4.362671e+03
+7.249928e+03	+5.921481e+03	+4.946907e+03
+7.223645e+03	+5.866963e+03	+4.896779e+03
+7.948261e+03	+4.011075e+03	+2.575737e+03
+8.010826e+03	+4.023329e+03	+2.545903e+03
+7.416743e+03	+3.290869e+03	+3.389125e+03
+7.407936e+03	+3.282536e+03	+3.450393e+03
+8.862109e+03	+3.458927e+03	+3.507316e+03
+8.825106e+03	+3.383969e+03	+3.490191e+03
+9.113583e+03	+4.487895e+03	+4.074617e+03
+9.095009e+03	+4.557279e+03	+4.017346e+03
+1.010079e+04	+6.158641e+03	+3.592555e+03
+1.010215e+04	+6.242802e+03	+3.519997e+03
+9.472110e+03	+5.069233e+03	+4.182845e+03
+9.478120e+03	+5.024539e+03	+4.150895e+03
+8.454746e+03	+3.715271e+03	+4.874967e+03
+8.410233e+03	+3.689909e+03	+4.978347e+03
+1.045163e+04	+4.307717e+03	+5.049803e+03
+1.041437e+04	+4.277487e+03	+5.053527e+03
+9.119205e+03	+8.778229e+03	+5.345378e+03
+9.156662e+03	+8.829377e+03	+5.273851e+03
+8.606720e+03	+7.910553e+03	+6.069566e+03
+8.572093e+03	+7.870183e+03	+6.113711e+03
+6.136100e+03	+7.561440e+03	+7.778576e+03
+6.074203e+03	+7.548700e+03	+7.863269e+03
+4.155871e+03	+7.163647e+03	+7.141452e+03
+4.079288e+03	+7.097116e+03	+7.106423e+03
+5.471630e+03	+5.774125e+03	+5.507425e+03
+5.433111e+03	+5.852671e+03	+5.587182e+03
+5.080556e+03	+5.152521e+03	+5.932209e+03
+5.079099e+03	+5.105669e+03	+6.031124e+03
+1.022977e+04	+4.825343e+03	+7.879955e+03
+1.019264e+04	+4.811827e+03	+7.957929e+03
+1.071245e+04	+5.543660e+03	+7.348968e+03
+1.066840e+04	+5.502324e+03	+7.355749e+03
+5.334866e+03	+5.638825e+03	+1.749883e+03
+5.377385e+03	+5.705120e+03	+1.720261e+03
+4.872119e+03	+4.744700e+03	+2.168528e+03
+4.827748e+03	+4.717444e+03	+2.189778e+03
+6.108385e+03	+9.737022e+03	+7.215692e+03
+6.037034e+03	+9.674139e+03	+7.194322e+03
+4.606216e+03	+8.065550e+03	+6.862323e+03
+4.654305e+03	+8.080727e+03	+6.808567e+03
+5.101464e+03	+9.655571e+03	+6.130222e+03
+5.199548e+03	+9.694276e+03	+6.158593e+03
+5.526355e+03	+1.063469e+04	+6.468747e+03
+5.515647e+03	+1.068058e+04	+6.494429e+03
+8.478567e+03	+7.554700e+03	+6.411712e+03
+8.490018e+03	+7.604232e+03	+6.511116e+03
+8.086901e+03	+6.630371e+03	+6.993071e+03
+8.093852e+03	+6.648391e+03	+7.058563e+03
+8.263602e+03	+8.997068e+03	+5.046814e+03
+8.323717e+03	+8.972041e+03	+4.953789e+03
+7.367154e+03	+8.380714e+03	+4.890378e+03
+7.355149e+03	+8.324536e+03	+4.751380e+03
+6.820784e+03	+8.877029e+03	+7.281488e+03
+6.760050e+03	+8.822344e+03	+7.257682e+03
+7.593513e+03	+9.827326e+03	+7.658898e+03
+7.641419e+03	+9.868642e+03	+7.642715e+03
+6.930635e+03	+1.020335e+04	+3.637699e+03
+6.885696e+03	+1.014714e+04	+3.577045e+03
+7.998023e+03	+1.084110e+04	+4.324521e+03
+8.092094e+03	+1.086440e+04	+4.370584e+03
+1.006671e+04	+8.112170e+03	+3.383106e+03
+1.011025e+04	+8.159759e+03	+3.356112e+03
+8.743017e+03	+7.239722e+03	+3.824965e+03
+8.692189e+03	+7.173237e+03	+3.670278e+03
+1.004695e+04	+7.206608e+03	+4.180345e+03
+9.977086e+03	+7.202170e+03	+4.098420e+03
+1.093568e+04	+7.640262e+03	+4.732296e+03
+1.099707e+04	+7.729466e+03	+4.831658e+03
+1.024870e+04	+7.323601e+03	+5.460848e+03
+1.018325e+04	+7.281763e+03	+5.466563e+03
+1.160651e+04	+7.882542e+03	+5.837462e+03
+1.167488e+04	+7.909147e+03	+5.896272e+03
+1.073842e+04	+8.270273e+03	+6.359699e+03
+1.066610e+04	+8.180877e+03	+6.351929e+03
+1.130426e+04	+8.656161e+03	+6.667901e+03
+1.135630e+04	+8.684106e+03	+6.720547e+03
+8.796937e+03	+1.061174e+04	+5.506856e+03
+8.853476e+03	+1.065844e+04	+5.537809e+03
+8.632757e+03	+9.810880e+03	+6.282232e+03
+8.691553e+03	+9.833297e+03	+6.331438e+03
+7.546956e+03	+6.877201e+03	+5.901610e+03
+7.428499e+03	+6.867748e+03	+5.911618e+03
+6.966774e+03	+5.998887e+03	+6.516556e+03
+6.868120e+03	+5.966605e+03	+6.548749e+03
+1.253997e+04	+7.017037e+03	+4.483917e+03
+1.257116e+04	+7.061792e+03	+4.538406e+03
+1.164800e+04	+6.300240e+03	+4.186852e+03
+1.158913e+04	+6.306328e+03	+4.124049e+03
+5.816512e+03	+9.752798e+03	+6.497107e+03
+5.740361e+03	+9.725463e+03	+6.491090e+03
+6.606923e+03	+1.050781e+04	+6.576064e+03
+6.630159e+03	+1.051871e+04	+6.635193e+03
+6.382319e+03	+9.416254e+03	+6.202690e+03
+6.422857e+03	+9.409536e+03	+6.221877e+03
+5.671057e+03	+8.650734e+03	+5.778584e+03
+5.655816e+03	+8.581801e+03	+5.714738e+03
+6.848450e+03	+1.049271e+04	+2.828192e+03
+6.776574e+03	+1.052108e+04	+2.826383e+03
+8.161364e+03	+1.045230e+04	+2.658786e+03
+8.134903e+03	+1.038076e+04	+2.572908e+03
+1.022316e+04	+8.784066e+03	+4.955421e+03
+1.031015e+04	+8.813369e+03	+5.008831e+03
+8.956485e+03	+8.631591e+03	+4.475969e+03
+8.898173e+03	+8.626692e+03	+4.483364e+03
+6.845045e+03	+4.316230e+03	+4.151013e+03
+6.764411e+03	+4.303112e+03	+4.108000e+03
+7.591593e+03	+3.862397e+03	+4.686478e+03
+7.555383e+03	+3.903189e+03	+4.665165e+03
+9.882530e+03	+7.173835e+03	+2.013199e+03
+9.830881e+03	+7.122318e+03	+1.977691e+03
+1.109604e+04	+7.533728e+03	+2.515602e+03
+1.116035e+04	+7.519742e+03	+2.509163e+03
+9.278506e+03	+7.446546e+03	+6.155618e+03
+9.338131e+03	+7.419734e+03	+6.280461e+03
+7.928725e+03	+7.162340e+03	+5.545310e+03
+7.886569e+03	+7.172941e+03	+5.504790e+03
+8.457819e+03	+2.803487e+03	+5.524995e+03
+8.424117e+03	+2.864886e+03	+5.554578e+03
+6.716453e+03	+3.745821e+03	+5.614974e+03
+6.672189e+03	+3.771169e+03	+5.636659e+03
+1.072054e+04	+9.397656e+03	+2.559619e+03
+1.079114e+04	+9.413433e+03	+2.586395e+03
+1.000775e+04	+8.941448e+03	+2.689402e+03
+1.006709e+04	+8.999790e+03	+2.789358e+03
+1.142554e+04	+8.383004e+03	+5.278890e+03
+1.143326e+04	+8.376872e+03	+5.245664e+03
+1.252895e+04	+8.163642e+03	+5.745684e+03
+1.255991e+04	+8.163136e+03	+5.789663e+03
+8.272594e+03	+1.147007e+04	+4.704545e+03
+8.228836e+03	+1.145644e+04	+4.616109e+03
+9.383942e+03	+1.168754e+04	+5.037278e+03
+9.436635e+03	+1.165975e+04	+5.060270e+03
+5.003975e+03	+6.830566e+03	+4.864983e+03
+4.933003e+03	+6.832518e+03	+4.843107e+03
+5.889132e+03	+8.240543e+03	+5.343466e+03
+5.837717e+03	+8.235458e+03	+5.304799e+03
+6.577533e+03	+1.005489e+04	+6.826380e+03
+6.663953e+03	+1.005946e+04	+6.843392e+03
+7.848003e+03	+9.025826e+03	+6.562349e+03
+7.929451e+03	+9.055357e+03	+6.595563e+03
+9.586050e+03	+9.293376e+03	+1.867024e+03
+9.526266e+03	+9.254562e+03	+1.723339e+03
+9.589961e+03	+9.770986e+03	+2.350148e+03
+9.676178e+03	+9.755637e+03	+2.394797e+03
+9.241730e+03	+9.601832e+03	+3.971438e+03
+9.169572e+03	+9.567849e+03	+4.008351e+03
+1.044206e+04	+9.919308e+03	+4.290582e+03
+1.049909e+04	+9.936495e+03	+4.288546e+03
+1.033086e+04	+7.391501e+03	+1.550876e+03
+1.028746e+04	+7.318100e+03	+1.500171e+03
+1.153135e+04	+7.765161e+03	+2.014573e+03
+1.161070e+04	+7.743772e+03	+2.013381e+03
+8.892450e+03	+3.054452e+03	+4.966901e+03
+8.851420e+03	+3.098926e+03	+4.925179e+03
+9.789029e+03	+3.085499e+03	+5.311882e+03
+9.830559e+03	+3.129040e+03	+5.344077e+03
+7.272813e+03	+4.537290e+03	+3.562351e+03
+7.200924e+03	+4.496531e+03	+3.556468e+03
+8.010655e+03	+4.070728e+03	+4.075022e+03
+7.966486e+03	+4.093864e+03	+4.088578e+03
+9.688783e+03	+7.200248e+03	+3.665816e+03
+9.603782e+03	+7.166038e+03	+3.665089e+03
+1.063655e+04	+7.406592e+03	+4.177362e+03
+1.070802e+04	+7.436552e+03	+4.241871e+03
+1.116145e+04	+9.655437e+03	+2.094803e+03
+1.122444e+04	+9.651096e+03	+2.063905e+03
+1.003498e+04	+9.978090e+03	+1.839504e+03
+1.011918e+04	+9.948017e+03	+1.865311e+03
+1.185738e+04	+8.643277e+03	+4.657245e+03
+1.184074e+04	+8.658124e+03	+4.672831e+03
+1.294148e+04	+8.435414e+03	+5.135719e+03
+1.296422e+04	+8.445016e+03	+5.201386e+03
+8.692613e+03	+1.169410e+04	+4.066564e+03
+8.625770e+03	+1.169769e+04	+4.008756e+03
+9.803780e+03	+1.190866e+04	+4.421749e+03
+9.858604e+03	+1.191024e+04	+4.403532e+03
+1.155551e+04	+6.341821e+03	+3.336622e+03
+1.162945e+04	+6.357787e+03	+3.437924e+03
+1.050754e+04	+6.175587e+03	+3.016816e+03
+1.048443e+04	+6.262017e+03	+2.954839e+03
+1.065536e+04	+9.027735e+03	+4.341047e+03
+1.073761e+04	+9.075313e+03	+4.397032e+03
+9.402979e+03	+8.876677e+03	+3.911175e+03
+9.332843e+03	+8.882191e+03	+3.901137e+03
+9.692212e+03	+9.865486e+03	+3.396919e+03
+9.606940e+03	+9.806071e+03	+3.410537e+03
+1.085945e+04	+1.017177e+04	+3.666951e+03
+1.093816e+04	+1.015712e+04	+3.656925e+03
+8.368284e+03	+7.420449e+03	+4.981019e+03
+8.331621e+03	+7.416939e+03	+4.938484e+03
+9.689202e+03	+7.703625e+03	+5.607091e+03
+9.754771e+03	+7.675968e+03	+5.641525e+03
+6.329326e+03	+8.496293e+03	+4.747993e+03
+6.266829e+03	+8.473191e+03	+4.667612e+03
+5.426936e+03	+7.030997e+03	+4.251927e+03
+5.355996e+03	+7.037298e+03	+4.241376e+03
+1.176385e+04	+7.789747e+03	+9.846129e+03
+1.168875e+04	+7.745250e+03	+9.990579e+03
+1.245870e+04	+8.393074e+03	+8.968517e+03
+1.250351e+04	+8.400424e+03	+8.893023e+03
+6.823000e+03	+8.124818e+03	+6.310326e+03
+6.850723e+03	+8.164466e+03	+6.175905e+03
+7.134443e+03	+8.732171e+03	+6.910639e+03
+7.169018e+03	+8.727776e+03	+6.774301e+03
+6.724719e+03	+8.120959e+03	+7.969056e+03
+6.664633e+03	+8.047479e+03	+8.054578e+03
+7.375708e+03	+8.902092e+03	+8.362865e+03
+7.363489e+03	+8.850839e+03	+8.484226e+03
+6.060712e+03	+4.882859e+03	+4.895712e+03
+6.097570e+03	+4.942691e+03	+4.796744e+03
+5.845976e+03	+4.134715e+03	+5.732768e+03
+5.806478e+03	+4.081949e+03	+5.781073e+03
+9.154070e+03	+7.628199e+03	+1.027372e+04
+9.089778e+03	+7.625587e+03	+1.044400e+04
+8.944813e+03	+6.564921e+03	+9.906754e+03
+8.904480e+03	+6.517806e+03	+9.973571e+03
+4.900742e+03	+6.939609e+03	+7.948560e+03
+4.895781e+03	+6.881278e+03	+8.055785e+03
+3.668661e+03	+5.931856e+03	+7.636972e+03
+3.614933e+03	+5.926521e+03	+7.743657e+03
+7.267842e+03	+1.068163e+04	+8.097619e+03
+7.343228e+03	+1.066357e+04	+7.992366e+03
+6.774927e+03	+1.016441e+04	+8.813750e+03
+6.731655e+03	+1.005437e+04	+8.870290e+03
+7.843698e+03	+6.426344e+03	+8.089881e+03
+7.778358e+03	+6.393888e+03	+8.182825e+03
+8.578999e+03	+7.340570e+03	+8.318070e+03
+8.535915e+03	+7.355100e+03	+8.392519e+03
+1.150043e+04	+4.366349e+03	+6.423630e+03
+1.146454e+04	+4.430502e+03	+6.283754e+03
+1.011808e+04	+3.744218e+03	+6.178811e+03
+1.016005e+04	+3.810614e+03	+6.095672e+03
+7.440686e+03	+5.319600e+03	+6.291058e+03
+7.382587e+03	+5.314618e+03	+6.326509e+03
+8.110367e+03	+6.121935e+03	+5.631050e+03
+8.151767e+03	+6.215030e+03	+5.509067e+03
+6.398017e+03	+6.201941e+03	+6.859562e+03
+6.465280e+03	+6.273122e+03	+6.857941e+03
+5.643256e+03	+5.259736e+03	+6.388717e+03
+5.634903e+03	+5.240621e+03	+6.513241e+03
+1.214533e+04	+9.459569e+03	+8.194616e+03
+1.219118e+04	+9.510037e+03	+8.071390e+03
+1.139433e+04	+8.103411e+03	+8.132705e+03
+1.139920e+04	+8.064251e+03	+8.173902e+03
+9.142195e+03	+3.324590e+03	+6.054094e+03
+9.185511e+03	+3.353635e+03	+5.921187e+03
+9.452046e+03	+4.592993e+03	+6.849958e+03
+9.481478e+03	+4.617094e+03	+6.757614e+03
+6.288720e+03	+7.423333e+03	+7.359641e+03
+6.277271e+03	+7.411355e+03	+7.443759e+03
+5.385548e+03	+5.837137e+03	+7.687829e+03
+5.413073e+03	+5.822837e+03	+7.881227e+03
+4.519048e+03	+9.619601e+03	+7.842729e+03
+4.546818e+03	+9.727393e+03	+7.767708e+03
+4.973624e+03	+1.037156e+04	+7.936596e+03
+4.929013e+03	+1.026616e+04	+7.992431e+03
+5.428227e+03	+7.591698e+03	+7.012930e+03
+5.447703e+03	+7.628766e+03	+6.856944e+03
+5.132584e+03	+6.359376e+03	+6.761969e+03
+5.139329e+03	+6.419614e+03	+6.796325e+03
+4.125132e+03	+6.707983e+03	+6.641171e+03
+4.174213e+03	+6.728689e+03	+6.575549e+03
+4.405631e+03	+8.376525e+03	+6.985097e+03
+4.418191e+03	+8.406523e+03	+6.855484e+03
+9.361683e+03	+8.034102e+03	+7.604778e+03
+9.376083e+03	+8.139251e+03	+7.483831e+03
+8.355504e+03	+6.878746e+03	+7.231652e+03
+8.391522e+03	+6.910975e+03	+7.146270e+03
+4.039572e+03	+7.522848e+03	+8.029656e+03
+3.983210e+03	+7.437284e+03	+8.072383e+03
+5.271057e+03	+8.718820e+03	+7.828568e+03
+5.259349e+03	+8.673871e+03	+7.897953e+03
+5.627564e+03	+9.648919e+03	+6.888378e+03
+5.640799e+03	+9.660665e+03	+6.744985e+03
+5.350600e+03	+1.105675e+04	+6.961719e+03
+5.385305e+03	+1.106980e+04	+6.828049e+03
+1.012449e+04	+8.279129e+03	+9.535331e+03
+1.018652e+04	+8.288036e+03	+9.453723e+03
+9.545950e+03	+7.149775e+03	+9.060656e+03
+9.591509e+03	+7.177518e+03	+9.020972e+03
+1.048843e+04	+5.432105e+03	+6.588856e+03
+1.052893e+04	+5.419275e+03	+6.409912e+03
+1.066282e+04	+6.326969e+03	+6.970294e+03
+1.067766e+04	+6.389123e+03	+6.936533e+03
+1.028201e+04	+5.908496e+03	+8.102555e+03
+1.026300e+04	+5.865479e+03	+8.187039e+03
+1.019921e+04	+4.253310e+03	+7.733395e+03
+1.019969e+04	+4.263095e+03	+7.855570e+03
+1.242923e+04	+5.828604e+03	+9.308610e+03
+1.231586e+04	+5.796218e+03	+9.378371e+03
+1.135021e+04	+4.577186e+03	+8.868249e+03
+1.133963e+04	+4.570654e+03	+9.007170e+03
+9.363407e+03	+6.422612e+03	+6.638066e+03
+9.329536e+03	+6.391084e+03	+6.742392e+03
+9.932508e+03	+7.007284e+03	+5.860107e+03
+9.997809e+03	+7.042010e+03	+5.824800e+03
+5.040665e+03	+6.298838e+03	+5.145813e+03
+5.118051e+03	+6.369196e+03	+5.069169e+03
+4.603185e+03	+5.687933e+03	+5.945214e+03
+4.583331e+03	+5.653227e+03	+6.011142e+03
+7.178390e+03	+1.134394e+04	+9.030927e+03
+7.160759e+03	+1.127013e+04	+9.065316e+03
+5.973886e+03	+1.022935e+04	+9.221241e+03
+5.921459e+03	+1.013997e+04	+9.300989e+03
+1.107598e+04	+3.571627e+03	+7.611497e+03
+1.101924e+04	+3.551600e+03	+7.674962e+03
+9.651862e+03	+2.783581e+03	+7.184411e+03
+9.662646e+03	+2.802140e+03	+7.266787e+03
+9.767386e+03	+9.854124e+03	+3.583449e+03
+9.717439e+03	+9.878373e+03	+3.608377e+03
+1.070871e+04	+1.044768e+04	+3.811731e+03
+1.070602e+04	+1.046115e+04	+3.867329e+03
+8.153313e+03	+9.084070e+03	+4.986827e+03
+8.112778e+03	+9.082101e+03	+5.011187e+03
+9.570977e+03	+9.199971e+03	+4.923476e+03
+9.596206e+03	+9.202072e+03	+4.867055e+03
+9.482887e+03	+1.053095e+04	+6.384822e+03
+9.473566e+03	+1.045819e+04	+6.416337e+03
+8.685307e+03	+9.524073e+03	+6.152847e+03
+8.584214e+03	+9.481152e+03	+6.188173e+03
+1.030482e+04	+3.954345e+03	+4.841280e+03
+1.027379e+04	+3.956504e+03	+4.756607e+03
+1.083685e+04	+4.277227e+03	+5.303576e+03
+1.087979e+04	+4.323722e+03	+5.319543e+03
+6.904775e+03	+5.946373e+03	+4.148731e+03
+6.939008e+03	+5.961882e+03	+4.162367e+03
+5.571385e+03	+6.228861e+03	+4.450755e+03
+5.549120e+03	+6.267328e+03	+4.561322e+03
+4.497307e+03	+6.103669e+03	+2.830553e+03
+4.521321e+03	+6.137499e+03	+2.806730e+03
+5.524905e+03	+5.895797e+03	+2.765890e+03
+5.490561e+03	+5.852482e+03	+2.779289e+03
+4.964305e+03	+1.055201e+04	+4.616769e+03
+4.988020e+03	+1.055247e+04	+4.557661e+03
+6.292451e+03	+1.106078e+04	+4.500836e+03
+6.326328e+03	+1.104336e+04	+4.506373e+03
+1.260706e+04	+1.102694e+04	+4.203415e+03
+1.257495e+04	+1.108829e+04	+4.270681e+03
+1.112271e+04	+1.162223e+04	+4.879163e+03
+1.117919e+04	+1.163825e+04	+4.946044e+03
+1.044856e+04	+9.475186e+03	+2.605342e+03
+1.037931e+04	+9.447942e+03	+2.566269e+03
+9.613691e+03	+9.225804e+03	+2.761010e+03
+9.658267e+03	+9.234366e+03	+2.651139e+03
+1.009896e+04	+8.613894e+03	+2.147916e+03
+1.015560e+04	+8.604776e+03	+2.148657e+03
+8.614057e+03	+8.798964e+03	+2.397959e+03
+8.543787e+03	+8.768585e+03	+2.356524e+03
+9.312761e+03	+1.049990e+04	+2.920266e+03
+9.371015e+03	+1.048470e+04	+2.892157e+03
+7.620859e+03	+1.029363e+04	+3.204576e+03
+7.564358e+03	+1.028406e+04	+3.277699e+03
+6.766735e+03	+6.842306e+03	+4.016789e+03
+6.720525e+03	+6.800679e+03	+4.067396e+03
+8.079408e+03	+6.685335e+03	+3.993583e+03
+8.175163e+03	+6.707648e+03	+3.993924e+03
+8.716530e+03	+7.263170e+03	+3.462283e+03
+8.805308e+03	+7.314153e+03	+3.458457e+03
+7.384301e+03	+7.449285e+03	+3.629101e+03
+7.313509e+03	+7.481357e+03	+3.628173e+03
+4.169190e+03	+9.902724e+03	+5.623274e+03
+4.142620e+03	+9.909327e+03	+5.620680e+03
+5.061208e+03	+9.934526e+03	+6.064844e+03
+5.075769e+03	+9.889245e+03	+6.087327e+03
+4.969543e+03	+5.462289e+03	+6.213266e+03
+4.923181e+03	+5.504908e+03	+6.168697e+03
+5.914410e+03	+4.914587e+03	+6.116590e+03
+5.977502e+03	+4.915379e+03	+6.123568e+03
+8.528477e+03	+3.855222e+03	+3.252602e+03
+8.549097e+03	+3.903460e+03	+3.192403e+03
+6.845107e+03	+3.694315e+03	+3.849517e+03
+6.786636e+03	+3.661922e+03	+3.852687e+03
+5.868418e+03	+4.359187e+03	+2.736440e+03
+5.870301e+03	+4.349180e+03	+2.735708e+03
+4.873856e+03	+5.456678e+03	+3.126301e+03
+4.827575e+03	+5.425776e+03	+3.123624e+03
+1.357187e+04	+1.059302e+04	+4.300604e+03
+1.361916e+04	+1.054420e+04	+4.330376e+03
+1.233316e+04	+1.034615e+04	+4.896755e+03
+1.241526e+04	+1.035879e+04	+4.802601e+03
+7.017745e+03	+9.891540e+03	+5.229186e+03
+7.086103e+03	+9.860950e+03	+5.217522e+03
+6.196748e+03	+8.698524e+03	+5.269787e+03
+6.165273e+03	+8.615285e+03	+5.240864e+03
+1.250711e+04	+9.143021e+03	+5.211871e+03
+1.246251e+04	+9.138604e+03	+5.279355e+03
+1.199667e+04	+7.238846e+03	+4.880283e+03
+1.199167e+04	+7.277747e+03	+4.867231e+03
+1.192244e+04	+8.567354e+03	+3.863746e+03
+1.191326e+04	+8.557628e+03	+3.827078e+03
+1.236382e+04	+9.948170e+03	+4.329778e+03
+1.237277e+04	+1.002986e+04	+4.344181e+03
+8.176792e+03	+9.053692e+03	+5.146298e+03
+8.169518e+03	+9.033928e+03	+5.210350e+03
+8.592562e+03	+1.022020e+04	+5.499380e+03
+8.642556e+03	+1.024654e+04	+5.582005e+03
+9.612984e+03	+7.977405e+03	+4.819313e+03
+9.611158e+03	+8.032896e+03	+4.795015e+03
+8.888936e+03	+6.795972e+03	+4.452035e+03
+8.868223e+03	+6.742336e+03	+4.394336e+03
+7.332762e+03	+4.214163e+03	+6.181555e+03
+7.337952e+03	+4.259927e+03	+6.209191e+03
+6.730008e+03	+3.267049e+03	+5.415961e+03
+6.705649e+03	+3.189817e+03	+5.369075e+03
+1.211008e+04	+1.074645e+04	+4.275702e+03
+1.211304e+04	+1.068774e+04	+4.251176e+03
+1.209298e+04	+1.227009e+04	+4.954098e+03
+1.213737e+04	+1.227940e+04	+4.938772e+03
+1.284569e+04	+1.076813e+04	+5.670859e+03
+1.285091e+04	+1.081862e+04	+5.709556e+03
+1.216207e+04	+9.668742e+03	+6.351800e+03
+1.218366e+04	+9.736047e+03	+6.456465e+03
+6.055872e+03	+1.221807e+04	+5.394201e+03
+6.073234e+03	+1.229979e+04	+5.483096e+03
+6.918115e+03	+1.336372e+04	+6.026176e+03
+6.950363e+03	+1.337599e+04	+6.049038e+03
+8.535305e+03	+4.589769e+03	+6.079775e+03
+8.477046e+03	+4.548268e+03	+5.967005e+03
+7.946364e+03	+3.677248e+03	+6.234191e+03
+7.948192e+03	+3.683133e+03	+6.297850e+03
+7.249032e+03	+7.740784e+03	+6.755321e+03
+7.176257e+03	+7.786179e+03	+6.729253e+03
+6.743204e+03	+6.473734e+03	+6.208481e+03
+6.732204e+03	+6.417274e+03	+6.190658e+03
+1.008504e+04	+5.529861e+03	+3.477052e+03
+1.008676e+04	+5.523164e+03	+3.408319e+03
+1.131431e+04	+5.808436e+03	+4.249989e+03
+1.132691e+04	+5.772061e+03	+4.187519e+03
+6.904485e+03	+9.803831e+03	+2.873931e+03
+6.930399e+03	+9.741555e+03	+2.753247e+03
+7.570329e+03	+9.808971e+03	+3.009718e+03
+7.561259e+03	+9.788488e+03	+2.981186e+03
+8.826779e+03	+8.591075e+03	+5.778020e+03
+8.855363e+03	+8.657580e+03	+5.922814e+03
+8.125806e+03	+7.222446e+03	+5.312465e+03
+8.094427e+03	+7.196463e+03	+5.288818e+03
+5.286854e+03	+9.846361e+03	+2.641854e+03
+5.225529e+03	+9.857688e+03	+2.661535e+03
+5.860392e+03	+9.511480e+03	+3.290271e+03
+5.837519e+03	+9.565859e+03	+3.360354e+03
+6.595850e+03	+8.407411e+03	+1.781633e+03
+6.603296e+03	+8.312893e+03	+1.625186e+03
+5.829197e+03	+8.780999e+03	+1.525089e+03
+5.780912e+03	+8.770921e+03	+1.512646e+03
+7.176015e+03	+5.312483e+03	+1.443538e+03
+7.204856e+03	+5.247885e+03	+1.532177e+03
+8.007402e+03	+5.037294e+03	+1.220680e+03
+8.086645e+03	+5.064336e+03	+1.174655e+03
+6.257443e+03	+5.489177e+03	+3.820730e+03
+6.230683e+03	+5.533954e+03	+3.701491e+03
+7.353186e+03	+5.399213e+03	+3.994165e+03
+7.331047e+03	+5.388148e+03	+3.938959e+03
+5.919357e+03	+5.522142e+03	+5.776173e+03
+5.825269e+03	+5.602400e+03	+5.893632e+03
+7.248185e+03	+4.733663e+03	+5.801681e+03
+7.296944e+03	+4.707692e+03	+5.863513e+03
+7.381139e+03	+2.588202e+03	+4.379224e+03
+7.417504e+03	+2.663819e+03	+4.395455e+03
+8.533259e+03	+2.396728e+03	+4.418197e+03
+8.590214e+03	+2.388145e+03	+4.469270e+03
+6.381386e+03	+7.696002e+03	+5.692011e+03
+6.411983e+03	+7.667007e+03	+5.842229e+03
+5.030982e+03	+8.624597e+03	+5.293351e+03
+4.997607e+03	+8.623115e+03	+5.353271e+03
+7.994767e+03	+6.045419e+03	+8.268354e+02
+8.036600e+03	+6.013579e+03	+7.650664e+02
+6.944912e+03	+6.987184e+03	+8.522750e+02
+6.920601e+03	+7.010815e+03	+6.967459e+02
+7.826224e+03	+4.192815e+03	+1.917383e+03
+7.800044e+03	+4.221746e+03	+1.863379e+03
+9.022826e+03	+3.778527e+03	+2.324625e+03
+9.038913e+03	+3.765036e+03	+2.369583e+03
+7.721359e+03	+3.674248e+03	+2.450966e+03
+7.781290e+03	+3.655936e+03	+2.466324e+03
+6.707094e+03	+4.404981e+03	+2.050200e+03
+6.681287e+03	+4.409040e+03	+1.977593e+03
+8.108615e+03	+4.802917e+03	+4.610600e+03
+8.184616e+03	+4.818560e+03	+4.642073e+03
+7.146848e+03	+4.743192e+03	+3.893742e+03
+7.182179e+03	+4.725516e+03	+3.868350e+03
+4.757733e+03	+5.651167e+03	+2.509402e+03
+4.714315e+03	+5.644802e+03	+2.497932e+03
+5.521882e+03	+5.130149e+03	+2.981859e+03
+5.528715e+03	+5.122961e+03	+2.959765e+03
+4.349258e+03	+5.643370e+03	+4.074317e+03
+4.254784e+03	+5.644644e+03	+4.037555e+03
+5.824549e+03	+4.723261e+03	+4.328469e+03
+5.871347e+03	+4.777309e+03	+4.216566e+03
+1.023242e+04	+5.101956e+03	+2.580359e+03
+1.023075e+04	+5.034214e+03	+2.582686e+03
+1.101427e+04	+3.805625e+03	+2.895052e+03
+1.101621e+04	+3.863608e+03	+2.890923e+03
+8.552061e+03	+6.967756e+03	+5.824170e+03
+8.585277e+03	+6.926380e+03	+5.913939e+03
+9.594049e+03	+6.607659e+03	+5.243783e+03
+9.671112e+03	+6.603735e+03	+5.290425e+03
+7.463987e+03	+7.738057e+03	+5.981449e+03
+7.417697e+03	+7.738102e+03	+6.021157e+03
+6.698473e+03	+8.480741e+03	+6.271680e+03
+6.621909e+03	+8.539443e+03	+6.296084e+03
+7.256588e+03	+6.248540e+03	+2.320144e+03
+7.280650e+03	+6.178132e+03	+2.362020e+03
+6.184178e+03	+6.622292e+03	+1.948377e+03
+6.124434e+03	+6.608188e+03	+1.921746e+03
+8.917607e+03	+1.029481e+04	+1.232460e+03
+8.868772e+03	+1.028444e+04	+1.215315e+03
+9.232799e+03	+1.129324e+04	+1.182919e+03
+9.229898e+03	+1.130190e+04	+1.105474e+03
+1.097838e+04	+7.059757e+03	+3.587984e+03
+1.092541e+04	+7.083903e+03	+3.576377e+03
+1.155277e+04	+6.350169e+03	+3.066431e+03
+1.150955e+04	+6.311532e+03	+2.975598e+03
+1.268919e+04	+6.304734e+03	+3.033204e+03
+1.267504e+04	+6.281895e+03	+3.023333e+03
+1.309732e+04	+5.687239e+03	+2.822066e+03
+1.308774e+04	+5.694881e+03	+2.883814e+03
+1.031147e+04	+7.784232e+03	+1.895035e+03
+1.029614e+04	+7.716662e+03	+1.826598e+03
+1.092895e+04	+8.307757e+03	+2.263877e+03
+1.094018e+04	+8.329354e+03	+2.221497e+03
+1.290642e+04	+7.548531e+03	+3.928314e+03
+1.289454e+04	+7.595893e+03	+3.942491e+03
+1.223959e+04	+7.805011e+03	+4.727745e+03
+1.220248e+04	+7.807786e+03	+4.750290e+03
+8.054215e+03	+9.952390e+03	+1.823737e+03
+8.077326e+03	+9.928850e+03	+1.738211e+03
+7.224184e+03	+1.035120e+04	+2.580517e+03
+7.211426e+03	+1.030322e+04	+2.608371e+03
+9.854604e+03	+1.069365e+04	+2.531028e+03
+9.903115e+03	+1.074296e+04	+2.634186e+03
+9.272120e+03	+1.168049e+04	+2.408100e+03
+9.281696e+03	+1.164923e+04	+2.357150e+03
+1.060474e+04	+1.036933e+04	+2.758447e+03
+1.054610e+04	+1.041535e+04	+2.779574e+03
+1.068285e+04	+9.336641e+03	+2.594819e+03
+1.071232e+04	+9.298353e+03	+2.570536e+03
+7.350201e+03	+8.214079e+03	+4.428269e+03
+7.373878e+03	+8.185676e+03	+4.396106e+03
+7.113758e+03	+9.071330e+03	+4.965146e+03
+7.122460e+03	+9.104608e+03	+5.047853e+03
+7.384490e+03	+6.668655e+03	+3.762634e+03
+7.401295e+03	+6.652535e+03	+3.684777e+03
+7.917822e+03	+5.737799e+03	+3.910891e+03
+7.903255e+03	+5.758318e+03	+3.876648e+03
+1.251643e+04	+3.767613e+03	+2.794720e+03
+1.259676e+04	+3.742600e+03	+2.769691e+03
+1.255642e+04	+4.427027e+03	+3.423765e+03
+1.260437e+04	+4.478192e+03	+3.536283e+03
+9.266936e+03	+7.976048e+03	+5.732597e+03
+9.282698e+03	+8.029689e+03	+5.827522e+03
+9.314515e+03	+7.202610e+03	+5.094041e+03
+9.319977e+03	+7.145848e+03	+5.135579e+03
+1.132062e+04	+1.062276e+04	+3.796093e+03
+1.132932e+04	+1.062986e+04	+3.835975e+03
+1.122424e+04	+1.115868e+04	+4.488343e+03
+1.121689e+04	+1.119226e+04	+4.513935e+03
+9.688487e+03	+8.489389e+03	+5.300531e+03
+9.722543e+03	+8.474236e+03	+5.306532e+03
+9.910165e+03	+9.282768e+03	+5.495781e+03
+9.916611e+03	+9.276758e+03	+5.493468e+03
+7.491682e+03	+1.297969e+04	+7.611222e+03
+7.468463e+03	+1.297746e+04	+7.507157e+03
+7.699680e+03	+1.227528e+04	+8.054317e+03
+7.720542e+03	+1.223673e+04	+8.178932e+03
+5.467997e+03	+9.541654e+03	+4.604061e+03
+5.516508e+03	+9.559187e+03	+4.558792e+03
+6.437315e+03	+8.291553e+03	+4.327406e+03
+6.494381e+03	+8.358988e+03	+4.291576e+03
+1.074062e+04	+7.621593e+03	+6.589889e+03
+1.069688e+04	+7.564664e+03	+6.666874e+03
+1.172383e+04	+8.348683e+03	+6.405602e+03
+1.173325e+04	+8.340998e+03	+6.420768e+03
+1.030328e+04	+1.214034e+04	+5.934193e+03
+1.024089e+04	+1.217814e+04	+5.847015e+03
+9.968883e+03	+1.120305e+04	+6.664422e+03
+9.904904e+03	+1.118480e+04	+6.638971e+03
+9.727645e+03	+9.766563e+03	+4.634343e+03
+9.698937e+03	+9.813374e+03	+4.531003e+03
+9.733989e+03	+1.056806e+04	+4.908037e+03
+9.718797e+03	+1.056959e+04	+4.829899e+03
+7.038447e+03	+2.865741e+03	+5.810133e+03
+7.043628e+03	+2.919733e+03	+5.824219e+03
+7.105919e+03	+2.080044e+03	+6.421446e+03
+7.100070e+03	+2.022730e+03	+6.553693e+03
+8.642590e+03	+1.233950e+04	+7.068833e+03
+8.636314e+03	+1.226752e+04	+6.967762e+03
+9.004317e+03	+1.308944e+04	+7.402797e+03
+8.963825e+03	+1.311983e+04	+7.462071e+03
+7.793775e+03	+4.280936e+03	+5.561456e+03
+7.740593e+03	+4.230168e+03	+5.622515e+03
+7.662750e+03	+5.888167e+03	+5.235266e+03
+7.680639e+03	+5.942185e+03	+5.157207e+03
+5.826245e+03	+7.486462e+03	+5.242490e+03
+5.877855e+03	+7.542077e+03	+5.161862e+03
+6.386776e+03	+6.598111e+03	+4.859174e+03
+6.432092e+03	+6.603561e+03	+4.889958e+03
+5.236610e+03	+7.489672e+03	+5.562792e+03
+5.205964e+03	+7.487606e+03	+5.503415e+03
+4.880472e+03	+8.467468e+03	+5.498702e+03
+4.874599e+03	+8.439961e+03	+5.527676e+03
+5.153870e+03	+6.293787e+03	+7.557225e+03
+5.187976e+03	+6.285730e+03	+7.639118e+03
+5.237776e+03	+7.514005e+03	+7.119265e+03
+5.283321e+03	+7.549929e+03	+7.115966e+03
+9.276167e+03	+3.286179e+03	+6.702478e+03
+9.285990e+03	+3.231762e+03	+6.796695e+03
+8.452061e+03	+3.039184e+03	+6.163625e+03
+8.445781e+03	+3.049600e+03	+6.242342e+03
+1.089309e+04	+8.666419e+03	+6.757494e+03
+1.082683e+04	+8.584913e+03	+6.762308e+03
+1.183926e+04	+8.880357e+03	+7.236803e+03
+1.187214e+04	+8.870187e+03	+7.244839e+03
+6.080951e+03	+4.297253e+03	+4.764125e+03
+6.094852e+03	+4.277585e+03	+4.710421e+03
+7.000218e+03	+4.499010e+03	+5.284570e+03
+7.012303e+03	+4.540212e+03	+5.204792e+03
+4.288149e+03	+5.517030e+03	+3.991438e+03
+4.319818e+03	+5.554543e+03	+3.901648e+03
+4.398799e+03	+6.244908e+03	+4.583062e+03
+4.436104e+03	+6.252327e+03	+4.562855e+03
+4.804400e+03	+5.297433e+03	+4.772548e+03
+4.863511e+03	+5.291806e+03	+4.768449e+03
+4.007601e+03	+5.014867e+03	+5.458181e+03
+4.027472e+03	+5.003596e+03	+5.443468e+03
+1.011693e+04	+4.914138e+03	+7.360506e+03
+1.015554e+04	+4.888606e+03	+7.422397e+03
+9.637612e+03	+5.212132e+03	+7.790031e+03
+9.581625e+03	+5.216901e+03	+7.861435e+03
+5.138652e+03	+4.648992e+03	+4.122101e+03
+5.186626e+03	+4.622643e+03	+4.021279e+03
+5.508700e+03	+5.069661e+03	+4.682244e+03
+5.565947e+03	+5.104213e+03	+4.635727e+03
+7.032033e+03	+3.754412e+03	+5.588718e+03
+6.987004e+03	+3.696495e+03	+5.601668e+03
+7.456741e+03	+3.945462e+03	+5.946432e+03
+7.491806e+03	+3.990770e+03	+5.971098e+03
+1.033065e+04	+6.576690e+03	+6.017897e+03
+1.027724e+04	+6.590250e+03	+6.019248e+03
+1.135440e+04	+6.679233e+03	+5.096319e+03
+1.136387e+04	+6.666292e+03	+5.047346e+03
+1.049689e+04	+6.089146e+03	+6.947582e+03
+1.046873e+04	+6.140492e+03	+7.012273e+03
+9.577667e+03	+5.922770e+03	+6.632727e+03
+9.545346e+03	+5.971426e+03	+6.640871e+03
+9.049927e+03	+9.993106e+03	+6.850727e+03
+9.016618e+03	+9.926177e+03	+6.925199e+03
+9.402604e+03	+9.300249e+03	+7.511396e+03
+9.355002e+03	+9.309098e+03	+7.511673e+03
+5.447416e+03	+8.559320e+03	+6.640753e+03
+5.427885e+03	+8.474590e+03	+6.698661e+03
+4.630871e+03	+9.080722e+03	+6.833234e+03
+4.574306e+03	+9.075715e+03	+6.911188e+03
+7.481594e+03	+4.774052e+03	+6.330121e+03
+7.462019e+03	+4.817456e+03	+6.294976e+03
+7.583821e+03	+5.302113e+03	+6.866162e+03
+7.607694e+03	+5.318398e+03	+6.866350e+03
+7.028564e+03	+5.302043e+03	+7.723087e+03
+7.065543e+03	+5.333866e+03	+7.735671e+03
+7.013780e+03	+4.763680e+03	+8.231833e+03
+7.015499e+03	+4.786644e+03	+8.244254e+03
+9.608327e+03	+4.565388e+03	+6.101032e+03
+9.524473e+03	+4.507567e+03	+6.147984e+03
+1.019871e+04	+5.093392e+03	+6.461036e+03
+1.023681e+04	+5.107604e+03	+6.490913e+03
+7.801927e+03	+5.353992e+03	+7.542777e+03
+7.761753e+03	+5.237510e+03	+7.603242e+03
+8.332811e+03	+6.194055e+03	+7.453135e+03
+8.359108e+03	+6.280274e+03	+7.560291e+03
+9.010894e+03	+4.219222e+03	+5.149269e+03
+9.019743e+03	+4.198867e+03	+5.140305e+03
+8.164448e+03	+3.362977e+03	+5.273123e+03
+8.159186e+03	+3.415737e+03	+5.262552e+03
+8.947483e+03	+7.517881e+03	+5.752915e+03
+9.045108e+03	+7.538815e+03	+5.762304e+03
+7.907493e+03	+6.767495e+03	+5.733483e+03
+7.823263e+03	+6.772569e+03	+5.749828e+03
+1.075035e+04	+4.648998e+03	+5.347573e+03
+1.079026e+04	+4.687976e+03	+5.305561e+03
+9.921669e+03	+3.786750e+03	+5.516572e+03
+9.854679e+03	+3.788702e+03	+5.454177e+03
+7.707655e+03	+7.218450e+03	+3.043867e+03
+7.719646e+03	+7.187808e+03	+3.044590e+03
+8.719393e+03	+7.938873e+03	+3.010319e+03
+8.748022e+03	+7.958836e+03	+3.030570e+03
+7.582669e+03	+6.573270e+03	+3.375078e+03
+7.537089e+03	+6.570842e+03	+3.338412e+03
+8.883509e+03	+7.369235e+03	+3.203191e+03
+8.953869e+03	+7.407944e+03	+3.179620e+03
+8.833548e+03	+9.974192e+03	+4.388296e+03
+8.911133e+03	+9.953626e+03	+4.379581e+03
+7.822105e+03	+9.692442e+03	+4.501820e+03
+7.801084e+03	+9.702286e+03	+4.625541e+03
+7.811026e+03	+7.464582e+03	+7.257775e+03
+7.858833e+03	+7.446962e+03	+7.202719e+03
+7.018580e+03	+6.738995e+03	+7.350439e+03
+7.041707e+03	+6.702898e+03	+7.182111e+03
+1.056818e+04	+1.044348e+04	+5.453588e+03
+1.049763e+04	+1.041160e+04	+5.466100e+03
+1.175376e+04	+1.054348e+04	+5.795033e+03
+1.180208e+04	+1.055514e+04	+5.829968e+03
+7.190546e+03	+2.854718e+03	+5.440734e+03
+7.101733e+03	+2.847562e+03	+5.418630e+03
+8.022816e+03	+2.587201e+03	+5.950005e+03
+7.927013e+03	+2.634590e+03	+6.049508e+03
+7.742963e+03	+8.416958e+03	+5.728570e+03
+7.652051e+03	+8.403558e+03	+5.754509e+03
+9.020658e+03	+9.117459e+03	+5.689832e+03
+9.126712e+03	+9.130864e+03	+5.797711e+03
+8.832783e+03	+1.036370e+04	+8.428253e+03
+8.783329e+03	+1.034296e+04	+8.467275e+03
+1.020647e+04	+1.058206e+04	+8.116510e+03
+1.027668e+04	+1.054716e+04	+8.019533e+03
+1.127292e+04	+6.284757e+03	+4.934188e+03
+1.130965e+04	+6.365546e+03	+4.813931e+03
+1.238453e+04	+6.557395e+03	+5.448789e+03
+1.241149e+04	+6.634830e+03	+5.445639e+03
+7.242364e+03	+4.826258e+03	+4.604670e+03
+7.198565e+03	+4.791529e+03	+4.559361e+03
+8.235687e+03	+5.704763e+03	+4.269036e+03
+8.279756e+03	+5.753933e+03	+4.185466e+03
+7.271718e+03	+4.475987e+03	+5.940883e+03
+7.195894e+03	+4.411348e+03	+5.989558e+03
+8.336966e+03	+5.323120e+03	+5.942039e+03
+8.334782e+03	+5.383324e+03	+6.051720e+03
+5.572653e+03	+6.165511e+03	+6.733593e+03
+5.553189e+03	+6.038902e+03	+6.658714e+03
+6.382353e+03	+6.786014e+03	+6.930103e+03
+6.463632e+03	+6.793370e+03	+6.899603e+03
+9.812936e+03	+1.112299e+04	+3.596295e+03
+9.849668e+03	+1.115442e+04	+3.525681e+03
+9.332292e+03	+1.054125e+04	+4.124666e+03
+9.353160e+03	+1.055592e+04	+4.119373e+03
+1.577247e+04	+1.218241e+04	+6.236665e+03
+1.572680e+04	+1.216892e+04	+6.242297e+03
+1.636640e+04	+1.182323e+04	+6.769715e+03
+1.636375e+04	+1.177962e+04	+6.853151e+03
+6.353408e+03	+1.098934e+04	+5.366775e+03
+6.305576e+03	+1.099003e+04	+5.384203e+03
+6.554708e+03	+1.033242e+04	+6.053653e+03
+6.523496e+03	+1.032067e+04	+6.083093e+03
+1.289490e+04	+8.032739e+03	+6.547712e+03
+1.285498e+04	+8.046733e+03	+6.572883e+03
+1.270453e+04	+8.955380e+03	+5.954413e+03
+1.271981e+04	+8.972484e+03	+5.981367e+03
+6.757142e+03	+7.147586e+03	+4.994058e+03
+6.737832e+03	+7.104964e+03	+5.049525e+03
+7.351546e+03	+7.533739e+03	+4.386389e+03
+7.430985e+03	+7.591210e+03	+4.356226e+03
+1.561609e+04	+1.087200e+04	+5.645061e+03
+1.569822e+04	+1.090226e+04	+5.571053e+03
+1.619397e+04	+9.409263e+03	+5.902223e+03
+1.623869e+04	+9.438113e+03	+5.947677e+03
+1.054659e+04	+6.588676e+03	+6.845417e+03
+1.047042e+04	+6.593243e+03	+6.847561e+03
+1.139802e+04	+7.233533e+03	+6.676086e+03
+1.137569e+04	+7.241561e+03	+6.626501e+03
+1.093435e+04	+8.811672e+03	+4.754364e+03
+1.095182e+04	+8.794492e+03	+4.747360e+03
+1.057924e+04	+9.501974e+03	+4.778495e+03
+1.052209e+04	+9.526121e+03	+4.674618e+03
+1.322120e+04	+9.583249e+03	+6.187459e+03
+1.326138e+04	+9.638071e+03	+6.159542e+03
+1.383090e+04	+8.170684e+03	+6.183366e+03
+1.386508e+04	+8.189165e+03	+6.173853e+03
+1.078742e+04	+1.268652e+04	+7.450966e+03
+1.076108e+04	+1.271524e+04	+7.508439e+03
+1.094124e+04	+1.182731e+04	+7.311773e+03
+1.096084e+04	+1.185010e+04	+7.294847e+03
+1.225973e+04	+1.257370e+04	+5.429914e+03
+1.226060e+04	+1.257079e+04	+5.430064e+03
+1.120734e+04	+1.218227e+04	+5.749322e+03
+1.117626e+04	+1.214396e+04	+5.664953e+03
+9.911338e+03	+6.408320e+03	+3.114340e+03
+9.943296e+03	+6.391496e+03	+3.050920e+03
+9.550121e+03	+6.938170e+03	+3.717749e+03
+9.597661e+03	+6.937148e+03	+3.670918e+03
+9.261452e+03	+7.572973e+03	+5.529279e+03
+9.275235e+03	+7.555748e+03	+5.510106e+03
+8.394943e+03	+7.734442e+03	+5.983813e+03
+8.410931e+03	+7.735909e+03	+5.988716e+03
+5.238075e+03	+8.277953e+03	+6.076289e+03
+5.222042e+03	+8.262807e+03	+6.089988e+03
+5.116409e+03	+9.180646e+03	+6.400943e+03
+5.093105e+03	+9.192088e+03	+6.464857e+03
+8.219833e+03	+8.732245e+03	+3.447236e+03
+8.235250e+03	+8.719495e+03	+3.381933e+03
+7.783232e+03	+7.924970e+03	+3.802423e+03
+7.805334e+03	+7.914373e+03	+3.658888e+03
+1.151286e+04	+1.338165e+04	+7.086804e+03
+1.147335e+04	+1.334609e+04	+7.199487e+03
+1.157733e+04	+1.244176e+04	+7.184273e+03
+1.150790e+04	+1.235809e+04	+7.198143e+03
+3.274264e+03	+7.898775e+03	+5.932107e+03
+3.240468e+03	+7.879549e+03	+5.905649e+03
+4.139525e+03	+7.496182e+03	+6.631225e+03
+4.203021e+03	+7.486668e+03	+6.753617e+03
+1.176704e+04	+5.418950e+03	+5.374676e+03
+1.172460e+04	+5.407959e+03	+5.358334e+03
+1.163857e+04	+5.967017e+03	+5.012129e+03
+1.162185e+04	+6.007819e+03	+5.036784e+03
+1.163302e+04	+7.041863e+03	+5.123504e+03
+1.169814e+04	+7.036333e+03	+5.155634e+03
+1.171467e+04	+7.650167e+03	+5.692057e+03
+1.168768e+04	+7.670016e+03	+5.688211e+03
+1.418994e+04	+1.355394e+04	+5.969265e+03
+1.422357e+04	+1.354745e+04	+6.006837e+03
+1.395057e+04	+1.307195e+04	+5.259608e+03
+1.394387e+04	+1.306690e+04	+5.186583e+03
+1.015902e+04	+7.657612e+03	+4.738319e+03
+1.015821e+04	+7.632572e+03	+4.757044e+03
+1.034329e+04	+7.036013e+03	+4.937076e+03
+1.035874e+04	+7.046619e+03	+4.985535e+03
+1.706899e+04	+1.014514e+04	+4.287798e+03
+1.708976e+04	+1.013891e+04	+4.306246e+03
+1.645911e+04	+1.007189e+04	+4.648032e+03
+1.645346e+04	+1.003669e+04	+4.707963e+03
+1.072312e+04	+4.896772e+03	+6.382444e+03
+1.069178e+04	+4.908900e+03	+6.386396e+03
+9.853211e+03	+4.941788e+03	+6.398418e+03
+9.828845e+03	+4.975427e+03	+6.411539e+03
+8.115451e+03	+8.457043e+03	+9.391106e+03
+8.180820e+03	+8.459795e+03	+9.431913e+03
+6.941081e+03	+9.026879e+03	+9.334362e+03
+6.900739e+03	+9.026269e+03	+9.403163e+03
+7.578428e+03	+9.476911e+03	+8.945956e+03
+7.588095e+03	+9.418102e+03	+8.963502e+03
+6.347663e+03	+1.027629e+04	+8.509287e+03
+6.310016e+03	+1.026242e+04	+8.524642e+03
+1.269944e+04	+5.170252e+03	+6.845522e+03
+1.275855e+04	+5.197433e+03	+6.940397e+03
+1.221385e+04	+5.759935e+03	+6.163729e+03
+1.219714e+04	+5.778699e+03	+6.144667e+03
+8.918438e+03	+8.724597e+03	+8.830030e+03
+8.908325e+03	+8.709407e+03	+8.730116e+03
+9.972236e+03	+8.177717e+03	+9.251317e+03
+1.001601e+04	+8.123377e+03	+9.309015e+03
+9.108933e+03	+1.161893e+04	+6.280024e+03
+9.053289e+03	+1.167797e+04	+6.225504e+03
+8.192349e+03	+1.164570e+04	+6.980451e+03
+8.128453e+03	+1.169119e+04	+7.014230e+03
+8.132811e+03	+6.526117e+03	+8.489611e+03
+8.128223e+03	+6.513892e+03	+8.333844e+03
+9.317238e+03	+6.129901e+03	+9.129079e+03
+9.381975e+03	+6.129180e+03	+9.221264e+03
+6.749747e+03	+8.249294e+03	+7.427215e+03
+6.796289e+03	+8.235632e+03	+7.332204e+03
+7.547699e+03	+8.693369e+03	+7.834681e+03
+7.450078e+03	+8.762314e+03	+7.849325e+03
+8.294533e+03	+6.863994e+03	+5.551225e+03
+8.298187e+03	+6.892068e+03	+5.533059e+03
+9.115941e+03	+6.316963e+03	+5.831646e+03
+9.206176e+03	+6.323344e+03	+5.821273e+03
+3.875937e+03	+1.190740e+04	+8.669385e+03
+3.830007e+03	+1.188872e+04	+8.643558e+03
+4.327653e+03	+1.106869e+04	+9.205351e+03
+4.327067e+03	+1.106048e+04	+9.179382e+03
+1.099070e+04	+6.722319e+03	+5.163075e+03
+1.098245e+04	+6.779924e+03	+5.215858e+03
+1.198774e+04	+6.741377e+03	+5.587543e+03
+1.193878e+04	+6.784692e+03	+5.570432e+03
+6.878805e+03	+7.304433e+03	+9.136383e+03
+6.950140e+03	+7.291080e+03	+9.211601e+03
+5.987537e+03	+7.952258e+03	+9.322116e+03
+6.018684e+03	+7.958386e+03	+9.448368e+03
+8.477054e+03	+9.952644e+03	+7.870681e+03
+8.438792e+03	+9.910176e+03	+7.805530e+03
+7.343913e+03	+1.047691e+04	+7.770737e+03
+7.330306e+03	+1.043025e+04	+7.787872e+03
+9.308395e+03	+9.738158e+03	+5.192475e+03
+9.266529e+03	+9.665349e+03	+5.065788e+03
+1.042157e+04	+9.663880e+03	+5.781320e+03
+1.046002e+04	+9.671812e+03	+5.787799e+03
+8.128508e+03	+1.410073e+04	+7.531532e+03
+8.091135e+03	+1.405337e+04	+7.466309e+03
+8.735907e+03	+1.369072e+04	+7.888270e+03
+8.798304e+03	+1.368152e+04	+7.910328e+03
+8.828925e+03	+9.864093e+03	+6.755546e+03
+8.864873e+03	+9.949444e+03	+6.791338e+03
+8.207444e+03	+9.446326e+03	+7.132048e+03
+8.100101e+03	+9.449182e+03	+7.110170e+03
+9.770703e+03	+6.885344e+03	+9.283025e+03
+9.805724e+03	+6.862076e+03	+9.252092e+03
+1.048240e+04	+7.077003e+03	+9.965545e+03
+1.043579e+04	+7.059354e+03	+1.000639e+04
+1.177031e+04	+9.959435e+03	+6.621525e+03
+1.177999e+04	+9.919672e+03	+6.577586e+03
+1.147853e+04	+8.939892e+03	+6.926988e+03
+1.149949e+04	+8.959924e+03	+6.856772e+03
+7.262585e+03	+7.645142e+03	+9.639398e+03
+7.160739e+03	+7.594653e+03	+9.703551e+03
+7.740057e+03	+8.337229e+03	+1.002034e+04
+7.709364e+03	+8.350032e+03	+9.969581e+03
+3.319997e+03	+9.545318e+03	+7.838729e+03
+3.324718e+03	+9.533466e+03	+7.829448e+03
+3.642084e+03	+8.754418e+03	+7.980637e+03
+3.669288e+03	+8.752902e+03	+7.969887e+03
+7.830296e+03	+1.135819e+04	+9.139351e+03
+7.837516e+03	+1.136468e+04	+9.223570e+03
+7.123992e+03	+1.058066e+04	+8.978061e+03
+7.094257e+03	+1.061383e+04	+9.057890e+03
+1.476025e+04	+1.011247e+04	+9.291614e+03
+1.477189e+04	+1.008206e+04	+9.265670e+03
+1.520598e+04	+1.061878e+04	+9.527455e+03
+1.520542e+04	+1.063789e+04	+9.496341e+03
+1.357761e+04	+7.739808e+03	+7.719208e+03
+1.362947e+04	+7.713396e+03	+7.708812e+03
+1.362368e+04	+7.097642e+03	+7.896676e+03
+1.367997e+04	+7.099538e+03	+7.935591e+03
+1.038927e+04	+9.729366e+03	+6.390798e+03
+1.041951e+04	+9.759058e+03	+6.336189e+03
+1.102332e+04	+9.803041e+03	+6.737303e+03
+1.102432e+04	+9.849555e+03	+6.796526e+03
