_____18. 2. 2022_____
 comment:	Exmpl_S13.1.4_CC-NC-NN_DMSO_meta-eprometa_2st
 nostates:	2
 nomarkers:	3
 dim:	3
 nodata:	338





+1.059780e+04	+9.030976e+03	+7.168952e+03
+1.060017e+04	+9.051842e+03	+7.176815e+03
+1.058539e+04	+9.059434e+03	+7.122321e+03
+1.131411e+04	+9.998881e+03	+6.618602e+03
+1.133467e+04	+1.007141e+04	+6.574007e+03
+1.136191e+04	+1.004821e+04	+6.521989e+03
+1.109165e+04	+5.970769e+03	+6.740591e+03
+1.104765e+04	+5.941005e+03	+6.772541e+03
+1.100669e+04	+5.942699e+03	+6.818725e+03
+1.163449e+04	+6.552996e+03	+6.513540e+03
+1.165908e+04	+6.573729e+03	+6.524605e+03
+1.169470e+04	+6.581281e+03	+6.525480e+03
+9.402138e+03	+6.092515e+03	+5.987919e+03
+9.371088e+03	+6.035106e+03	+6.053196e+03
+9.349909e+03	+6.035517e+03	+6.111177e+03
+8.763679e+03	+5.736856e+03	+5.562580e+03
+8.713603e+03	+5.688515e+03	+5.573764e+03
+8.700323e+03	+5.696060e+03	+5.609639e+03
+9.262853e+03	+6.766226e+03	+6.756490e+03
+9.293823e+03	+6.817743e+03	+6.842215e+03
+9.324213e+03	+6.822117e+03	+6.815283e+03
+8.276228e+03	+5.793103e+03	+7.057197e+03
+8.255255e+03	+5.749226e+03	+7.095179e+03
+8.204941e+03	+5.751617e+03	+7.099828e+03
+9.548181e+03	+1.040340e+04	+4.602328e+03
+9.584743e+03	+1.043663e+04	+4.545942e+03
+9.612502e+03	+1.048050e+04	+4.534514e+03
+8.495388e+03	+9.642379e+03	+4.982285e+03
+8.527352e+03	+9.648724e+03	+4.881370e+03
+8.564244e+03	+9.669721e+03	+4.926039e+03
+7.933061e+03	+8.751564e+03	+6.313002e+03
+7.965721e+03	+8.770125e+03	+6.312688e+03
+7.935750e+03	+8.794023e+03	+6.292145e+03
+7.158845e+03	+7.782739e+03	+6.852400e+03
+7.143727e+03	+7.751201e+03	+6.864772e+03
+7.124006e+03	+7.711902e+03	+6.832426e+03
+1.322546e+04	+7.647070e+03	+6.638380e+03
+1.328743e+04	+7.646943e+03	+6.593188e+03
+1.324269e+04	+7.698119e+03	+6.555896e+03
+1.321878e+04	+9.216541e+03	+6.829639e+03
+1.326547e+04	+9.250960e+03	+6.791501e+03
+1.329262e+04	+9.274195e+03	+6.719015e+03
+1.093113e+04	+7.005042e+03	+8.168430e+03
+1.086063e+04	+7.006337e+03	+8.216266e+03
+1.086584e+04	+6.982451e+03	+8.238853e+03
+1.169884e+04	+7.987820e+03	+7.977091e+03
+1.168658e+04	+8.033624e+03	+7.963867e+03
+1.172503e+04	+8.014996e+03	+7.981634e+03
+8.448704e+03	+8.330203e+03	+8.666097e+03
+8.416345e+03	+8.306932e+03	+8.670499e+03
+8.414245e+03	+8.257044e+03	+8.685479e+03
+9.242048e+03	+9.336192e+03	+8.316792e+03
+9.255508e+03	+9.355480e+03	+8.420236e+03
+9.266468e+03	+9.357393e+03	+8.400632e+03
+6.770909e+03	+5.286234e+03	+5.947326e+03
+6.729778e+03	+5.258786e+03	+6.006951e+03
+6.747794e+03	+5.212973e+03	+6.037518e+03
+7.626627e+03	+6.535164e+03	+5.483866e+03
+7.608520e+03	+6.552704e+03	+5.450971e+03
+7.656849e+03	+6.575717e+03	+5.495452e+03
+5.688912e+03	+7.237717e+03	+7.978260e+03
+5.692867e+03	+7.218899e+03	+8.010871e+03
+5.693777e+03	+7.180508e+03	+7.969157e+03
+4.770603e+03	+6.632078e+03	+7.905465e+03
+4.761369e+03	+6.576681e+03	+7.889963e+03
+4.747908e+03	+6.562819e+03	+7.878088e+03
+1.119875e+04	+9.031999e+03	+8.339554e+03
+1.118299e+04	+9.016011e+03	+8.393858e+03
+1.117200e+04	+8.997765e+03	+8.424503e+03
+1.203407e+04	+9.810253e+03	+7.929522e+03
+1.205894e+04	+9.848451e+03	+7.942870e+03
+1.206024e+04	+9.855428e+03	+7.925116e+03
+1.212288e+04	+6.189100e+03	+5.378014e+03
+1.214459e+04	+6.180685e+03	+5.185627e+03
+1.212668e+04	+6.228715e+03	+5.187809e+03
+1.241518e+04	+6.993659e+03	+6.235573e+03
+1.242686e+04	+7.040645e+03	+6.117446e+03
+1.241114e+04	+7.071559e+03	+6.118060e+03
+1.178759e+04	+5.849665e+03	+6.446875e+03
+1.177432e+04	+5.795259e+03	+6.471229e+03
+1.175219e+04	+5.768680e+03	+6.524590e+03
+1.248538e+04	+6.518777e+03	+6.991701e+03
+1.249521e+04	+6.506270e+03	+7.046034e+03
+1.250422e+04	+6.498479e+03	+7.037100e+03
+6.196794e+03	+4.424405e+03	+9.445264e+03
+6.136331e+03	+4.476353e+03	+9.513782e+03
+6.121071e+03	+4.528086e+03	+9.566044e+03
+6.707321e+03	+3.724605e+03	+8.973633e+03
+6.757889e+03	+3.693838e+03	+9.010438e+03
+6.742078e+03	+3.647596e+03	+8.973147e+03
+1.023145e+04	+8.917831e+03	+9.163798e+03
+1.017388e+04	+8.934747e+03	+9.214986e+03
+1.015407e+04	+8.964956e+03	+9.115848e+03
+1.089788e+04	+8.379742e+03	+8.725334e+03
+1.092534e+04	+8.343801e+03	+8.758258e+03
+1.091215e+04	+8.285209e+03	+8.756543e+03
+9.679912e+03	+6.026860e+03	+8.298710e+03
+9.696949e+03	+6.001919e+03	+8.249687e+03
+9.703563e+03	+5.964687e+03	+8.234015e+03
+9.088241e+03	+6.772145e+03	+8.894166e+03
+9.055451e+03	+6.855245e+03	+8.896156e+03
+9.029277e+03	+6.880033e+03	+8.950733e+03
+9.753151e+03	+5.524525e+03	+9.295497e+03
+9.772378e+03	+5.458705e+03	+9.286560e+03
+9.798050e+03	+5.469573e+03	+9.237874e+03
+8.492653e+03	+6.515027e+03	+9.231497e+03
+8.502290e+03	+6.495947e+03	+9.215639e+03
+8.519730e+03	+6.456097e+03	+9.170759e+03
+9.251410e+03	+6.123595e+03	+9.876881e+03
+9.247340e+03	+6.173969e+03	+9.911764e+03
+9.246327e+03	+6.191022e+03	+9.975647e+03
+8.026077e+03	+7.178536e+03	+9.731025e+03
+7.982271e+03	+7.215594e+03	+9.755723e+03
+7.953411e+03	+7.267215e+03	+9.785678e+03
+1.003948e+04	+7.640350e+03	+7.383172e+03
+1.005937e+04	+7.652499e+03	+7.354260e+03
+1.009224e+04	+7.602377e+03	+7.328397e+03
+9.304945e+03	+8.159605e+03	+7.807468e+03
+9.259350e+03	+8.201432e+03	+7.844512e+03
+9.229781e+03	+8.195569e+03	+7.877098e+03
+1.053887e+04	+7.411606e+03	+8.527655e+03
+1.055961e+04	+7.392159e+03	+8.533445e+03
+1.058517e+04	+7.355702e+03	+8.490678e+03
+9.848396e+03	+8.220512e+03	+9.080786e+03
+9.795004e+03	+8.256082e+03	+9.134719e+03
+9.780291e+03	+8.260708e+03	+9.136474e+03
+8.774654e+03	+9.045849e+03	+5.732901e+03
+8.769553e+03	+9.084148e+03	+5.706417e+03
+8.758138e+03	+9.094954e+03	+5.749738e+03
+7.568409e+03	+1.027284e+04	+5.263710e+03
+7.555337e+03	+1.030627e+04	+5.257175e+03
+7.510554e+03	+1.030597e+04	+5.304795e+03
+6.862272e+03	+9.421676e+03	+4.636722e+03
+6.846089e+03	+9.453640e+03	+4.650274e+03
+6.813662e+03	+9.443501e+03	+4.724733e+03
+7.553695e+03	+8.698014e+03	+4.073614e+03
+7.588529e+03	+8.659477e+03	+3.992234e+03
+7.601970e+03	+8.627752e+03	+3.947448e+03
+7.401918e+03	+9.310852e+03	+5.755809e+03
+7.371968e+03	+9.359253e+03	+5.816621e+03
+7.341241e+03	+9.402407e+03	+5.868187e+03
+8.078845e+03	+8.734870e+03	+5.267762e+03
+8.098540e+03	+8.681662e+03	+5.282725e+03
+8.136801e+03	+8.644962e+03	+5.274112e+03
+8.499290e+03	+9.856282e+03	+4.662405e+03
+8.540261e+03	+9.824118e+03	+4.579808e+03
+8.544055e+03	+9.793360e+03	+4.610580e+03
+9.438467e+03	+8.371119e+03	+4.919891e+03
+9.478826e+03	+8.327158e+03	+4.890915e+03
+9.535477e+03	+8.297511e+03	+4.839738e+03
+6.697905e+03	+5.174072e+03	+4.127668e+03
+6.738906e+03	+5.178683e+03	+4.085531e+03
+6.766120e+03	+5.175375e+03	+4.050953e+03
+5.542453e+03	+5.824855e+03	+4.846542e+03
+5.528668e+03	+5.866629e+03	+4.844588e+03
+5.510541e+03	+5.867144e+03	+4.901902e+03
+6.436978e+03	+5.019070e+03	+6.019637e+03
+6.458158e+03	+4.978103e+03	+6.018218e+03
+6.492411e+03	+4.977124e+03	+6.004234e+03
+5.663732e+03	+5.716696e+03	+6.806955e+03
+5.601744e+03	+5.701955e+03	+6.792710e+03
+5.581889e+03	+5.721482e+03	+6.873968e+03
+7.612953e+03	+5.560783e+03	+9.647676e+03
+7.626124e+03	+5.532713e+03	+9.641345e+03
+7.671643e+03	+5.528252e+03	+9.629411e+03
+6.754638e+03	+6.129125e+03	+9.551573e+03
+6.706729e+03	+6.126138e+03	+9.608110e+03
+6.681078e+03	+6.179420e+03	+9.608390e+03
+7.993417e+03	+5.811765e+03	+5.333320e+03
+8.020163e+03	+5.778339e+03	+5.365234e+03
+8.055345e+03	+5.758025e+03	+5.356148e+03
+7.106561e+03	+6.564795e+03	+5.838020e+03
+7.104418e+03	+6.577383e+03	+5.866213e+03
+7.073699e+03	+6.625113e+03	+5.773877e+03
+8.878084e+03	+3.349935e+03	+6.944763e+03
+8.912655e+03	+3.338414e+03	+6.903750e+03
+8.922947e+03	+3.316489e+03	+6.882460e+03
+7.890388e+03	+4.062850e+03	+7.468490e+03
+7.857503e+03	+4.075910e+03	+7.478827e+03
+7.834958e+03	+4.103060e+03	+7.521053e+03
+6.258391e+03	+7.110020e+03	+8.187758e+03
+6.253865e+03	+7.169371e+03	+8.143209e+03
+6.241710e+03	+7.196574e+03	+8.196991e+03
+6.971455e+03	+6.414722e+03	+8.033260e+03
+6.995893e+03	+6.377735e+03	+8.044970e+03
+7.022198e+03	+6.385224e+03	+8.061254e+03
+5.109208e+03	+7.317385e+03	+4.028966e+03
+5.135882e+03	+7.275331e+03	+3.955067e+03
+5.169195e+03	+7.286539e+03	+3.954244e+03
+5.387714e+03	+6.905794e+03	+4.819913e+03
+5.423645e+03	+6.901089e+03	+4.754698e+03
+5.446561e+03	+6.913568e+03	+4.734564e+03
+6.125376e+03	+5.439444e+03	+8.454199e+03
+6.183969e+03	+5.397280e+03	+8.478677e+03
+6.148003e+03	+5.389928e+03	+8.440723e+03
+5.811645e+03	+5.945725e+03	+8.867225e+03
+5.754146e+03	+5.954791e+03	+8.886419e+03
+5.747622e+03	+5.975318e+03	+8.815224e+03
+8.534485e+03	+5.406336e+03	+7.359617e+03
+8.503270e+03	+5.410774e+03	+7.403405e+03
+8.453848e+03	+5.394565e+03	+7.363965e+03
+9.647042e+03	+5.940884e+03	+7.318387e+03
+9.690173e+03	+5.964850e+03	+7.336182e+03
+9.730949e+03	+5.977499e+03	+7.291023e+03
+8.018934e+03	+5.496637e+03	+8.324732e+03
+8.049410e+03	+5.505359e+03	+8.272691e+03
+8.088091e+03	+5.548925e+03	+8.399547e+03
+7.109997e+03	+5.637217e+03	+8.032797e+03
+7.159838e+03	+5.675723e+03	+8.115725e+03
+7.182405e+03	+5.667640e+03	+8.056120e+03
+7.348194e+03	+5.149101e+03	+5.217385e+03
+7.322620e+03	+5.150838e+03	+5.198435e+03
+7.288096e+03	+5.149987e+03	+5.179804e+03
+6.124588e+03	+5.024979e+03	+5.709686e+03
+6.072940e+03	+4.982584e+03	+5.631269e+03
+6.016284e+03	+4.999167e+03	+5.683738e+03
+8.468509e+03	+4.039902e+03	+5.524366e+03
+8.498823e+03	+4.032936e+03	+5.538456e+03
+8.477548e+03	+4.070908e+03	+5.532304e+03
+9.227361e+03	+4.329555e+03	+5.661281e+03
+9.275143e+03	+4.356707e+03	+5.611249e+03
+9.330662e+03	+4.396735e+03	+5.657236e+03
+5.144038e+03	+9.822936e+03	+5.128058e+03
+5.113591e+03	+9.803937e+03	+5.128965e+03
+5.099215e+03	+9.794807e+03	+5.124322e+03
+6.008174e+03	+1.003609e+04	+4.905065e+03
+5.991056e+03	+1.002225e+04	+4.887740e+03
+5.991029e+03	+1.001876e+04	+4.864195e+03
+4.699004e+03	+9.497797e+03	+6.516478e+03
+4.708837e+03	+9.524170e+03	+6.485748e+03
+4.752987e+03	+9.526107e+03	+6.519815e+03
+3.622824e+03	+8.806590e+03	+6.931579e+03
+3.619972e+03	+8.801506e+03	+6.940437e+03
+3.608471e+03	+8.778690e+03	+6.960884e+03
+5.117587e+03	+1.091211e+04	+5.700566e+03
+5.061437e+03	+1.090242e+04	+5.728272e+03
+5.044813e+03	+1.090708e+04	+5.737704e+03
+6.051590e+03	+1.101590e+04	+5.600511e+03
+6.089012e+03	+1.101783e+04	+5.605042e+03
+6.107125e+03	+1.104752e+04	+5.574545e+03
+7.383667e+03	+8.036563e+03	+7.666955e+03
+7.392795e+03	+8.069444e+03	+7.689248e+03
+7.461743e+03	+8.023920e+03	+7.536997e+03
+5.872271e+03	+7.954696e+03	+7.967901e+03
+5.836528e+03	+7.929507e+03	+7.979340e+03
+5.795165e+03	+7.942465e+03	+7.960737e+03
+5.136899e+03	+6.083739e+03	+4.308458e+03
+5.116418e+03	+6.057543e+03	+4.318731e+03
+5.087860e+03	+6.064933e+03	+4.345233e+03
+6.065046e+03	+6.315885e+03	+3.768545e+03
+6.098795e+03	+6.314103e+03	+3.739622e+03
+6.145817e+03	+6.299008e+03	+3.734079e+03
+7.732519e+03	+8.607467e+03	+4.624865e+03
+7.757248e+03	+8.622038e+03	+4.605529e+03
+7.760325e+03	+8.616766e+03	+4.526190e+03
+6.813176e+03	+8.185298e+03	+5.083840e+03
+6.807799e+03	+8.168150e+03	+5.144575e+03
+6.789001e+03	+8.139098e+03	+5.139128e+03
+6.354108e+03	+3.316145e+03	+5.268479e+03
+6.319176e+03	+3.321896e+03	+5.288320e+03
+6.281148e+03	+3.352130e+03	+5.308901e+03
+7.440849e+03	+3.590847e+03	+5.336059e+03
+7.452411e+03	+3.584833e+03	+5.344502e+03
+7.425867e+03	+3.595576e+03	+5.453331e+03
+6.606868e+03	+1.058125e+04	+6.274132e+03
+6.627741e+03	+1.059639e+04	+6.193408e+03
+6.662769e+03	+1.055230e+04	+6.234191e+03
+5.949077e+03	+1.042117e+04	+6.750989e+03
+5.911773e+03	+1.039330e+04	+6.793838e+03
+5.895588e+03	+1.034451e+04	+6.796742e+03
+6.101663e+03	+5.313813e+03	+7.459228e+03
+6.114911e+03	+5.270799e+03	+7.430039e+03
+6.148452e+03	+5.264510e+03	+7.445765e+03
+5.321320e+03	+6.008444e+03	+7.545194e+03
+5.343497e+03	+6.060293e+03	+7.589330e+03
+5.299877e+03	+6.071238e+03	+7.705597e+03
+5.700278e+03	+4.817419e+03	+3.643865e+03
+5.643559e+03	+4.839285e+03	+3.598629e+03
+5.637713e+03	+4.876511e+03	+3.597910e+03
+5.008631e+03	+5.053491e+03	+4.215056e+03
+4.967744e+03	+5.062349e+03	+4.180622e+03
+4.950134e+03	+5.094410e+03	+4.176610e+03
+6.370017e+03	+4.260241e+03	+3.708223e+03
+6.423908e+03	+4.220895e+03	+3.647341e+03
+6.452133e+03	+4.201737e+03	+3.604812e+03
+5.779525e+03	+4.379499e+03	+4.237899e+03
+5.814699e+03	+4.348055e+03	+4.217806e+03
+5.836865e+03	+4.336150e+03	+4.231112e+03
+4.669375e+03	+4.054531e+03	+5.667741e+03
+4.620630e+03	+4.088012e+03	+5.677487e+03
+4.632153e+03	+4.104248e+03	+5.709538e+03
+5.486610e+03	+3.787393e+03	+5.623333e+03
+5.522354e+03	+3.765529e+03	+5.608510e+03
+5.547972e+03	+3.803993e+03	+5.631657e+03
+4.551278e+03	+3.509410e+03	+6.273506e+03
+4.500050e+03	+3.518578e+03	+6.315636e+03
+4.512456e+03	+3.551775e+03	+6.311870e+03
+5.381256e+03	+2.727278e+03	+6.195989e+03
+5.428424e+03	+2.718195e+03	+6.132767e+03
+5.454932e+03	+2.707720e+03	+6.153394e+03
+4.778443e+03	+2.983839e+03	+7.090660e+03
+4.698055e+03	+2.995531e+03	+7.172124e+03
+4.698250e+03	+3.029498e+03	+7.147854e+03
+5.732850e+03	+2.172551e+03	+6.743068e+03
+5.754356e+03	+2.139718e+03	+6.693458e+03
+5.810499e+03	+2.141246e+03	+6.664686e+03
+1.031313e+04	+6.499843e+03	+8.280966e+03
+1.036685e+04	+6.472141e+03	+8.230836e+03
+1.034756e+04	+6.442743e+03	+8.169997e+03
+9.272690e+03	+6.629650e+03	+8.194741e+03
+9.298948e+03	+6.615929e+03	+8.146642e+03
+9.326667e+03	+6.590504e+03	+8.112038e+03
+6.921611e+03	+5.792809e+03	+3.861687e+03
+6.938094e+03	+5.713511e+03	+3.852938e+03
+6.954116e+03	+5.709981e+03	+3.798687e+03
+6.130751e+03	+6.231055e+03	+4.282409e+03
+6.088167e+03	+6.271834e+03	+4.334989e+03
+6.101893e+03	+6.279546e+03	+4.330019e+03
+7.752907e+03	+4.762436e+03	+8.077699e+03
+7.785342e+03	+4.739064e+03	+8.052085e+03
+7.782339e+03	+4.743571e+03	+8.121069e+03
+7.272484e+03	+5.533475e+03	+8.096722e+03
+7.229661e+03	+5.558257e+03	+8.084588e+03
+7.238328e+03	+5.562495e+03	+8.056697e+03
+6.721846e+03	+8.732720e+03	+4.382767e+03
+6.704156e+03	+8.785601e+03	+4.460542e+03
+6.717375e+03	+8.818266e+03	+4.482558e+03
+7.443394e+03	+8.299830e+03	+4.073924e+03
+7.482683e+03	+8.270540e+03	+4.108352e+03
+7.481928e+03	+8.247266e+03	+3.954487e+03
+4.633527e+03	+5.867529e+03	+6.204034e+03
+4.667539e+03	+5.842459e+03	+6.172676e+03
+4.611163e+03	+5.807274e+03	+6.165484e+03
+4.049646e+03	+6.732616e+03	+6.383648e+03
+4.007392e+03	+6.768700e+03	+6.421765e+03
+4.014629e+03	+6.797800e+03	+6.504684e+03
+1.088535e+04	+7.522818e+03	+8.213633e+03
+1.092277e+04	+7.531886e+03	+8.173160e+03
+1.093740e+04	+7.492339e+03	+8.126195e+03
+1.034006e+04	+8.120003e+03	+8.637276e+03
+1.032223e+04	+8.187191e+03	+8.666434e+03
+1.026786e+04	+8.142129e+03	+8.721050e+03
+6.626878e+03	+2.424069e+03	+7.284183e+03
+6.687767e+03	+2.394581e+03	+7.260811e+03
+6.711474e+03	+2.410476e+03	+7.296803e+03
+5.770894e+03	+3.078862e+03	+7.389413e+03
+5.756517e+03	+3.124893e+03	+7.452206e+03
+5.751177e+03	+3.137828e+03	+7.380754e+03
+8.529585e+03	+7.681908e+03	+7.526595e+03
+8.499317e+03	+7.697586e+03	+7.536152e+03
+8.478902e+03	+7.678097e+03	+7.675818e+03
+9.368879e+03	+7.261096e+03	+7.365371e+03
+9.387082e+03	+7.210913e+03	+7.265397e+03
+9.403236e+03	+7.167211e+03	+7.266704e+03
+9.248000e+03	+6.748548e+03	+9.717194e+03
+9.222530e+03	+6.812091e+03	+9.741594e+03
+9.173170e+03	+6.833625e+03	+9.763958e+03
+9.888634e+03	+6.036223e+03	+9.381164e+03
+9.914808e+03	+5.995255e+03	+9.388535e+03
+9.912870e+03	+5.933685e+03	+9.377515e+03
+4.718838e+03	+8.230298e+03	+5.572480e+03
+4.697336e+03	+8.265690e+03	+5.668371e+03
+4.674463e+03	+8.275403e+03	+5.737461e+03
+6.246292e+03	+7.689980e+03	+5.110685e+03
+6.211010e+03	+7.706797e+03	+5.197824e+03
+6.140339e+03	+7.741440e+03	+5.101267e+03
+7.455857e+03	+6.810796e+03	+6.265778e+03
+7.410869e+03	+6.787271e+03	+6.268430e+03
+7.380220e+03	+6.828271e+03	+6.260726e+03
+8.286276e+03	+6.077079e+03	+5.823485e+03
+8.325515e+03	+6.052126e+03	+5.781543e+03
+8.370232e+03	+6.008568e+03	+5.744839e+03
+7.569233e+03	+8.649575e+03	+7.190499e+03
+7.569860e+03	+8.641226e+03	+7.198629e+03
+7.647499e+03	+8.611303e+03	+7.159597e+03
+6.808975e+03	+9.460872e+03	+6.664785e+03
+6.783691e+03	+9.516359e+03	+6.630406e+03
+6.768222e+03	+9.550544e+03	+6.594913e+03
+6.848992e+03	+5.850629e+03	+7.939850e+03
+6.906631e+03	+5.827619e+03	+7.997460e+03
+6.955186e+03	+5.807975e+03	+8.020578e+03
+5.913211e+03	+5.944976e+03	+7.915723e+03
+5.906355e+03	+5.878302e+03	+7.959194e+03
+5.937779e+03	+5.861501e+03	+7.864183e+03
+6.964599e+03	+8.289377e+03	+7.923867e+03
+6.976973e+03	+8.256421e+03	+7.938740e+03
+7.040986e+03	+8.208702e+03	+7.946587e+03
+6.192424e+03	+9.031873e+03	+7.553933e+03
+6.155254e+03	+9.066246e+03	+7.538610e+03
+6.150144e+03	+9.107644e+03	+7.557057e+03
+5.284655e+03	+5.555984e+03	+7.768910e+03
+5.301159e+03	+5.544776e+03	+7.736337e+03
+5.356021e+03	+5.576619e+03	+7.744764e+03
+4.644651e+03	+6.151742e+03	+7.284245e+03
+4.561474e+03	+6.177841e+03	+7.283228e+03
+4.581125e+03	+6.212169e+03	+7.227251e+03
+6.002800e+03	+6.250445e+03	+2.944462e+03
+5.985914e+03	+6.295218e+03	+2.972612e+03
+5.941299e+03	+6.323584e+03	+3.041595e+03
+6.781482e+03	+5.588123e+03	+2.990706e+03
+6.842201e+03	+5.552921e+03	+2.989998e+03
+6.898099e+03	+5.533505e+03	+3.002693e+03
+7.627762e+03	+6.445514e+03	+1.527305e+03
+7.671839e+03	+6.418422e+03	+1.591768e+03
+7.707930e+03	+6.389393e+03	+1.673386e+03
+6.660952e+03	+7.118418e+03	+1.380982e+03
+6.631187e+03	+7.145697e+03	+1.346247e+03
+6.551656e+03	+7.175473e+03	+1.411233e+03
+7.191067e+03	+4.959096e+03	+2.026064e+03
+7.252685e+03	+4.943195e+03	+2.022867e+03
+7.282588e+03	+4.926978e+03	+2.012232e+03
+6.384862e+03	+5.463080e+03	+1.598814e+03
+6.374826e+03	+5.459344e+03	+1.589211e+03
+6.328421e+03	+5.474577e+03	+1.592633e+03
+6.341285e+03	+7.797634e+03	+3.890339e+03
+6.336356e+03	+7.817205e+03	+3.861232e+03
+6.305946e+03	+7.824605e+03	+3.750077e+03
+7.163927e+03	+7.335304e+03	+4.520861e+03
+7.201082e+03	+7.328475e+03	+4.560186e+03
+7.223019e+03	+7.328415e+03	+4.589223e+03
+6.048992e+03	+7.920326e+03	+6.215019e+03
+5.993470e+03	+7.945192e+03	+6.179000e+03
+5.979482e+03	+7.945212e+03	+6.185237e+03
+6.971156e+03	+7.077440e+03	+6.244395e+03
+6.992587e+03	+7.057956e+03	+6.234305e+03
+6.984608e+03	+7.060739e+03	+6.204660e+03
+5.947914e+03	+4.805582e+03	+2.337922e+03
+5.980357e+03	+4.774975e+03	+2.328026e+03
+6.007152e+03	+4.769237e+03	+2.330768e+03
+5.000806e+03	+5.343308e+03	+2.063718e+03
+4.955806e+03	+5.331324e+03	+2.054472e+03
+4.912930e+03	+5.353171e+03	+2.101131e+03
+5.177273e+03	+5.014959e+03	+3.635298e+03
+5.156137e+03	+5.050152e+03	+3.533540e+03
+5.098390e+03	+5.049244e+03	+3.496892e+03
+6.455820e+03	+4.239518e+03	+4.059210e+03
+6.492907e+03	+4.216024e+03	+4.074765e+03
+6.498401e+03	+4.166705e+03	+4.158464e+03
+8.987113e+03	+1.044462e+04	+3.486880e+03
+8.975446e+03	+1.044633e+04	+3.449843e+03
+8.926309e+03	+1.042489e+04	+3.383820e+03
+9.909223e+03	+9.751171e+03	+3.972679e+03
+9.983696e+03	+9.715258e+03	+3.931016e+03
+9.972570e+03	+9.690187e+03	+4.002603e+03
+8.620613e+03	+1.037679e+04	+4.996193e+03
+8.552734e+03	+1.040073e+04	+5.062127e+03
+8.502531e+03	+1.043203e+04	+5.099194e+03
+9.762960e+03	+9.488441e+03	+5.328916e+03
+9.776819e+03	+9.459608e+03	+5.366940e+03
+9.813157e+03	+9.456787e+03	+5.372537e+03
+5.315819e+03	+6.755366e+03	+7.289363e+03
+5.271184e+03	+6.779434e+03	+7.281031e+03
+5.255944e+03	+6.809596e+03	+7.248048e+03
+6.089638e+03	+6.484440e+03	+7.933873e+03
+6.079571e+03	+6.548348e+03	+7.973022e+03
+6.040808e+03	+6.523808e+03	+7.913457e+03
+3.736964e+03	+8.200581e+03	+3.235709e+03
+3.762227e+03	+8.213174e+03	+3.245813e+03
+3.800113e+03	+8.241621e+03	+3.165446e+03
+2.980369e+03	+6.960611e+03	+3.527820e+03
+2.961450e+03	+6.920894e+03	+3.494308e+03
+2.937608e+03	+6.891625e+03	+3.427860e+03
+6.728627e+03	+4.928975e+03	+5.661535e+03
+6.760082e+03	+4.929590e+03	+5.677062e+03
+6.761311e+03	+4.958855e+03	+5.693489e+03
+5.812239e+03	+3.952230e+03	+5.827124e+03
+5.761205e+03	+3.916368e+03	+5.850581e+03
+5.755821e+03	+3.887497e+03	+5.819319e+03
+4.277238e+03	+9.868597e+03	+3.765522e+03
+4.342294e+03	+9.834906e+03	+3.667310e+03
+4.329561e+03	+9.863182e+03	+3.692406e+03
+3.191001e+03	+8.613586e+03	+3.693515e+03
+3.146467e+03	+8.633326e+03	+3.714410e+03
+3.140729e+03	+8.585532e+03	+3.677329e+03
+4.415197e+03	+8.340987e+03	+2.472365e+03
+4.375005e+03	+8.315563e+03	+2.439406e+03
+4.335220e+03	+8.305660e+03	+2.536267e+03
+5.145875e+03	+9.363969e+03	+2.551583e+03
+5.166676e+03	+9.393152e+03	+2.571690e+03
+5.173435e+03	+9.433718e+03	+2.605103e+03
+3.024330e+03	+9.093638e+03	+6.741413e+03
+3.000882e+03	+9.057235e+03	+6.741788e+03
+3.027014e+03	+9.001662e+03	+6.726447e+03
+3.913127e+03	+1.036694e+04	+7.289357e+03
+3.913015e+03	+1.044748e+04	+7.371580e+03
+3.971563e+03	+1.039997e+04	+7.368965e+03
+5.505126e+03	+8.285110e+03	+1.977293e+03
+5.555013e+03	+8.288647e+03	+1.940319e+03
+5.548064e+03	+8.336077e+03	+1.947251e+03
+4.724680e+03	+7.188278e+03	+1.875720e+03
+4.732176e+03	+7.130831e+03	+1.803294e+03
+4.691454e+03	+7.102942e+03	+1.860651e+03
+7.387439e+03	+5.432348e+03	+3.789491e+03
+7.400053e+03	+5.453614e+03	+3.749137e+03
+7.494654e+03	+5.480204e+03	+3.631855e+03
+6.589290e+03	+4.382820e+03	+4.174362e+03
+6.548873e+03	+4.383437e+03	+4.182129e+03
+6.494170e+03	+4.318763e+03	+4.119452e+03
+2.879654e+03	+5.002506e+03	+6.316183e+03
+2.865706e+03	+4.944926e+03	+6.322572e+03
+2.835898e+03	+4.945576e+03	+6.327698e+03
+3.471733e+03	+6.117924e+03	+6.396764e+03
+3.474318e+03	+6.144216e+03	+6.416904e+03
+3.479336e+03	+6.178847e+03	+6.347921e+03
+5.515210e+03	+6.833292e+03	+7.443563e+03
+5.479111e+03	+6.788860e+03	+7.492917e+03
+5.457609e+03	+6.785595e+03	+7.515197e+03
+6.298866e+03	+8.170765e+03	+7.544055e+03
+6.305120e+03	+8.192427e+03	+7.543423e+03
+6.365638e+03	+8.232458e+03	+7.526113e+03
+7.142459e+03	+7.081037e+03	+4.936130e+03
+7.135671e+03	+7.037736e+03	+4.860257e+03
+7.116255e+03	+7.054508e+03	+4.848663e+03
+7.760976e+03	+8.405762e+03	+5.073067e+03
+7.823824e+03	+8.445556e+03	+5.060033e+03
+7.828802e+03	+8.503500e+03	+5.064056e+03
+4.709298e+03	+1.017658e+04	+7.160072e+03
+4.731793e+03	+1.022584e+04	+7.217959e+03
+4.763055e+03	+1.019711e+04	+7.259158e+03
+3.745891e+03	+9.129235e+03	+7.255733e+03
+3.683946e+03	+9.134506e+03	+7.225981e+03
+3.653909e+03	+9.108739e+03	+7.210307e+03
+7.164527e+03	+8.905835e+03	+4.242804e+03
+7.196817e+03	+8.921922e+03	+4.239946e+03
+7.182323e+03	+8.921370e+03	+4.247061e+03
+7.571846e+03	+9.931974e+03	+3.523164e+03
+7.617308e+03	+9.971047e+03	+3.565871e+03
+7.628693e+03	+1.000117e+04	+3.522038e+03
+7.163610e+03	+5.163138e+03	+7.904223e+03
+7.151174e+03	+5.142634e+03	+7.950229e+03
+7.136524e+03	+5.131815e+03	+7.993302e+03
+8.209680e+03	+6.520872e+03	+7.658352e+03
+8.218702e+03	+6.554358e+03	+7.670858e+03
+8.257820e+03	+6.564607e+03	+7.642157e+03
+4.603978e+03	+5.074821e+03	+5.521169e+03
+4.570709e+03	+5.027497e+03	+5.563219e+03
+4.563686e+03	+5.037603e+03	+5.608993e+03
+5.352357e+03	+6.290486e+03	+5.490196e+03
+5.375244e+03	+6.324891e+03	+5.494954e+03
+5.369649e+03	+6.370531e+03	+5.552311e+03
+5.883848e+03	+9.580041e+03	+4.483252e+03
+5.909880e+03	+9.598663e+03	+4.452588e+03
+5.917002e+03	+9.641904e+03	+4.411155e+03
+5.210116e+03	+8.545320e+03	+4.112718e+03
+5.213185e+03	+8.528126e+03	+4.189213e+03
+5.176429e+03	+8.484369e+03	+4.140080e+03
+5.254860e+03	+4.164677e+03	+4.636210e+03
+5.162544e+03	+4.128827e+03	+4.661876e+03
+5.197107e+03	+4.105291e+03	+4.752249e+03
+6.436809e+03	+5.841799e+03	+4.876044e+03
+6.421969e+03	+5.799951e+03	+4.805849e+03
+6.355078e+03	+5.740037e+03	+4.888790e+03
+9.361742e+03	+7.844604e+03	+5.904137e+03
+9.382644e+03	+7.860185e+03	+5.836767e+03
+9.373068e+03	+7.915086e+03	+5.890046e+03
+8.989958e+03	+6.795186e+03	+5.968362e+03
+8.997411e+03	+6.801977e+03	+6.004672e+03
+8.974020e+03	+6.762194e+03	+5.973223e+03
+6.076742e+03	+1.207045e+04	+5.945508e+03
+6.106015e+03	+1.206503e+04	+5.934991e+03
+6.137389e+03	+1.205616e+04	+5.945250e+03
+4.844742e+03	+1.135980e+04	+5.820595e+03
+4.863326e+03	+1.139354e+04	+5.840174e+03
+4.845716e+03	+1.137499e+04	+5.950511e+03
+9.896116e+03	+1.003267e+04	+6.770931e+03
+9.862338e+03	+1.006287e+04	+6.702900e+03
+9.871505e+03	+1.003681e+04	+6.683521e+03
+1.037519e+04	+9.815026e+03	+7.483109e+03
+1.037372e+04	+9.837753e+03	+7.531112e+03
+1.037571e+04	+9.855094e+03	+7.513257e+03
+7.015355e+03	+4.026048e+03	+5.469700e+03
+6.996873e+03	+3.984819e+03	+5.494534e+03
+6.984026e+03	+4.001346e+03	+5.502113e+03
+7.779235e+03	+5.003393e+03	+5.373029e+03
+7.801537e+03	+5.025527e+03	+5.363255e+03
+7.839347e+03	+5.047882e+03	+5.304873e+03
+4.636817e+03	+3.962062e+03	+4.744875e+03
+4.610680e+03	+3.917583e+03	+4.660948e+03
+4.586239e+03	+3.912024e+03	+4.741727e+03
+4.961669e+03	+5.152822e+03	+4.228055e+03
+4.976630e+03	+5.121881e+03	+4.128089e+03
+4.980439e+03	+5.130376e+03	+4.097410e+03
+9.734635e+03	+6.366635e+03	+3.701425e+03
+9.790197e+03	+6.365498e+03	+3.669581e+03
+9.748454e+03	+6.321158e+03	+3.659152e+03
+9.708516e+03	+7.410001e+03	+4.177568e+03
+9.678551e+03	+7.443618e+03	+4.134500e+03
+9.648957e+03	+7.465240e+03	+4.217457e+03
+8.742428e+03	+4.117912e+03	+5.619003e+03
+8.766008e+03	+4.072314e+03	+5.616268e+03
+8.759289e+03	+4.067637e+03	+5.618759e+03
+9.277307e+03	+5.185813e+03	+5.431658e+03
+9.262057e+03	+5.191098e+03	+5.412950e+03
+9.274050e+03	+5.196932e+03	+5.423667e+03
+9.571630e+03	+4.541973e+03	+6.355426e+03
+9.558786e+03	+4.487490e+03	+6.348066e+03
+9.525109e+03	+4.512501e+03	+6.294748e+03
+9.469281e+03	+5.405336e+03	+6.819193e+03
+9.464319e+03	+5.389657e+03	+6.845356e+03
+9.447165e+03	+5.375588e+03	+6.851186e+03
+3.065618e+03	+6.181054e+03	+6.905399e+03
+3.041884e+03	+6.164472e+03	+6.946255e+03
+3.028901e+03	+6.148262e+03	+6.907744e+03
+3.659535e+03	+7.126015e+03	+6.469925e+03
+3.670155e+03	+7.129089e+03	+6.602104e+03
+3.723511e+03	+7.148310e+03	+6.637573e+03
+6.662338e+03	+3.529857e+03	+5.719950e+03
+6.678632e+03	+3.535226e+03	+5.756729e+03
+6.673590e+03	+3.559796e+03	+5.731755e+03
+6.216226e+03	+2.708604e+03	+5.892884e+03
+6.211138e+03	+2.696158e+03	+5.903238e+03
+6.170099e+03	+2.688403e+03	+5.922055e+03
+6.082761e+03	+3.661549e+03	+6.582771e+03
+6.071676e+03	+3.670380e+03	+6.628186e+03
+6.058067e+03	+3.683635e+03	+6.645477e+03
+6.681677e+03	+4.578110e+03	+6.057799e+03
+6.699415e+03	+4.616321e+03	+6.123592e+03
+6.713829e+03	+4.615913e+03	+6.055999e+03
+5.681506e+03	+4.163980e+03	+7.225347e+03
+5.688488e+03	+4.142135e+03	+7.272708e+03
+5.728981e+03	+4.096098e+03	+7.227691e+03
+5.778326e+03	+5.201785e+03	+7.460005e+03
+5.829325e+03	+5.251572e+03	+7.489129e+03
+5.813896e+03	+5.273436e+03	+7.488684e+03
+7.436710e+03	+4.341653e+03	+3.457750e+03
+7.419044e+03	+4.329592e+03	+3.363225e+03
+7.391648e+03	+4.292232e+03	+3.272511e+03
+7.868990e+03	+5.496124e+03	+3.068846e+03
+7.887799e+03	+5.521195e+03	+3.034929e+03
+7.883651e+03	+5.533573e+03	+2.937478e+03
+5.135876e+03	+1.008352e+04	+5.825197e+03
+5.155301e+03	+1.006510e+04	+5.825859e+03
+5.155185e+03	+1.004370e+04	+5.802405e+03
+5.896083e+03	+1.058835e+04	+5.926958e+03
+5.881779e+03	+1.063543e+04	+5.931104e+03
+5.904001e+03	+1.062839e+04	+6.024584e+03
+3.356818e+03	+3.942753e+03	+5.626328e+03
+3.331997e+03	+3.878425e+03	+5.590816e+03
+3.342809e+03	+3.866296e+03	+5.701355e+03
+3.314072e+03	+5.140642e+03	+5.374582e+03
+3.303751e+03	+5.129128e+03	+5.286765e+03
+3.306157e+03	+5.161181e+03	+5.281186e+03
+7.950282e+03	+6.820811e+03	+6.466981e+03
+7.937443e+03	+6.871083e+03	+6.483346e+03
+7.962404e+03	+6.887793e+03	+6.507016e+03
+7.569520e+03	+5.634951e+03	+6.245655e+03
+7.562200e+03	+5.645200e+03	+6.236159e+03
+7.537028e+03	+5.660011e+03	+6.238647e+03
+1.032861e+04	+7.828441e+03	+5.299650e+03
+1.033037e+04	+7.806265e+03	+5.317044e+03
+1.033621e+04	+7.815758e+03	+5.278286e+03
+1.028976e+04	+8.731030e+03	+5.721176e+03
+1.029779e+04	+8.792052e+03	+5.763629e+03
+1.031261e+04	+8.773963e+03	+5.810226e+03
+4.735908e+03	+4.589941e+03	+5.726969e+03
+4.701609e+03	+4.544877e+03	+5.720452e+03
+4.742689e+03	+4.546319e+03	+5.740651e+03
+5.015647e+03	+5.761273e+03	+5.706003e+03
+5.017915e+03	+5.797320e+03	+5.752318e+03
+5.053996e+03	+5.791137e+03	+5.722784e+03
+4.523207e+03	+4.560736e+03	+7.506159e+03
+4.525907e+03	+4.518323e+03	+7.531602e+03
+4.524961e+03	+4.511526e+03	+7.536074e+03
+5.112167e+03	+5.765533e+03	+7.545174e+03
+5.110730e+03	+5.807985e+03	+7.570856e+03
+5.151474e+03	+5.830510e+03	+7.638043e+03
+9.107651e+03	+5.651128e+03	+3.581517e+03
+9.109102e+03	+5.629019e+03	+3.500142e+03
+9.095557e+03	+5.594653e+03	+3.420820e+03
+9.051400e+03	+6.717018e+03	+3.804295e+03
+9.030049e+03	+6.748788e+03	+3.776678e+03
+9.040416e+03	+6.760142e+03	+3.800654e+03
+9.540088e+03	+5.868057e+03	+5.360643e+03
+9.579017e+03	+5.861559e+03	+5.397046e+03
+9.551715e+03	+5.851380e+03	+5.393824e+03
+9.454223e+03	+6.842104e+03	+5.624248e+03
+9.437540e+03	+6.881742e+03	+5.639748e+03
+9.444190e+03	+6.913702e+03	+5.631786e+03
+7.523194e+03	+4.553345e+03	+5.988522e+03
+7.505662e+03	+4.547603e+03	+5.934355e+03
+7.480310e+03	+4.567727e+03	+5.954463e+03
+7.062079e+03	+3.914754e+03	+5.986588e+03
+7.043376e+03	+3.888016e+03	+5.950403e+03
+7.004390e+03	+3.898418e+03	+5.900443e+03
+9.119773e+03	+5.907668e+03	+5.620494e+03
+9.201616e+03	+5.924309e+03	+5.589525e+03
+9.148030e+03	+5.904425e+03	+5.564111e+03
+8.526019e+03	+5.665717e+03	+6.068999e+03
+8.553687e+03	+5.677623e+03	+6.031681e+03
+8.578634e+03	+5.728712e+03	+6.035164e+03
+7.145218e+03	+7.422027e+03	+6.377122e+03
+7.125205e+03	+7.385975e+03	+6.317174e+03
+7.086233e+03	+7.371438e+03	+6.347144e+03
+7.651512e+03	+8.410913e+03	+6.560637e+03
+7.664209e+03	+8.429316e+03	+6.551574e+03
+7.664336e+03	+8.437067e+03	+6.585904e+03
+8.863635e+03	+9.823146e+03	+4.513557e+03
+8.881032e+03	+9.809370e+03	+4.474477e+03
+8.838073e+03	+9.814616e+03	+4.457132e+03
+8.113559e+03	+9.222578e+03	+4.724843e+03
+8.094851e+03	+9.187009e+03	+4.691468e+03
+8.097590e+03	+9.187468e+03	+4.639991e+03
+7.256057e+03	+9.857168e+03	+5.547485e+03
+7.253078e+03	+9.822957e+03	+5.551289e+03
+7.253002e+03	+9.817867e+03	+5.555638e+03
+8.017910e+03	+1.074254e+04	+6.102373e+03
+8.010856e+03	+1.078450e+04	+6.137331e+03
+8.033010e+03	+1.078803e+04	+6.187948e+03
+7.643989e+03	+6.071409e+03	+7.804115e+03
+7.664681e+03	+6.108685e+03	+7.860572e+03
+7.646433e+03	+6.116835e+03	+7.872583e+03
+7.233604e+03	+5.140007e+03	+7.274576e+03
+7.219750e+03	+5.115442e+03	+7.302081e+03
+7.204092e+03	+5.124396e+03	+7.228172e+03
+7.318998e+03	+6.603668e+03	+8.018461e+03
+7.324791e+03	+6.659328e+03	+8.062121e+03
+7.342925e+03	+6.672813e+03	+8.115203e+03
+6.905179e+03	+5.620233e+03	+7.589051e+03
+6.870076e+03	+5.604844e+03	+7.603113e+03
+6.879214e+03	+5.589133e+03	+7.578702e+03
+5.635377e+03	+8.263210e+03	+7.162763e+03
+5.604620e+03	+8.218464e+03	+7.160178e+03
+5.598725e+03	+8.177398e+03	+7.117605e+03
+6.207011e+03	+9.168818e+03	+7.374656e+03
+6.214239e+03	+9.207214e+03	+7.386198e+03
+6.219854e+03	+9.217776e+03	+7.311696e+03
+5.183221e+03	+7.809188e+03	+7.683266e+03
+5.179353e+03	+7.824977e+03	+7.769103e+03
+5.201562e+03	+7.844669e+03	+7.757170e+03
+4.792914e+03	+6.605237e+03	+7.417321e+03
+4.753265e+03	+6.571024e+03	+7.412884e+03
+4.772868e+03	+6.549726e+03	+7.309964e+03
+6.989266e+03	+1.003970e+04	+8.345395e+03
+6.988767e+03	+1.009073e+04	+8.359696e+03
+6.994302e+03	+1.012883e+04	+8.428929e+03
+6.423338e+03	+8.578486e+03	+8.217840e+03
+6.402316e+03	+8.566922e+03	+8.304883e+03
+6.432453e+03	+8.548213e+03	+8.306609e+03
+8.258316e+03	+8.211981e+03	+6.694654e+03
+8.254726e+03	+8.190179e+03	+6.693527e+03
+8.252733e+03	+8.188472e+03	+6.682124e+03
+8.976728e+03	+9.451948e+03	+7.273051e+03
+8.987897e+03	+9.488793e+03	+7.320568e+03
+8.998017e+03	+9.506336e+03	+7.341751e+03
+1.211654e+04	+8.110954e+03	+7.830953e+03
+1.211908e+04	+8.138275e+03	+7.898772e+03
+1.212756e+04	+8.150424e+03	+7.896506e+03
+1.195959e+04	+7.052320e+03	+7.733990e+03
+1.195255e+04	+7.051426e+03	+7.741586e+03
+1.195450e+04	+7.041583e+03	+7.710805e+03
+6.099994e+03	+7.056810e+03	+6.995041e+03
+6.099173e+03	+7.009281e+03	+6.970570e+03
+6.088508e+03	+7.012837e+03	+6.923862e+03
+6.714750e+03	+8.322230e+03	+7.170083e+03
+6.721115e+03	+8.312331e+03	+7.235866e+03
+6.756723e+03	+8.329797e+03	+7.162026e+03
+8.722207e+03	+7.358615e+03	+4.815497e+03
+8.714311e+03	+7.324764e+03	+4.771912e+03
+8.729613e+03	+7.313420e+03	+4.761003e+03
+9.234696e+03	+8.358423e+03	+5.229536e+03
+9.265996e+03	+8.326000e+03	+5.050176e+03
+9.262837e+03	+8.337133e+03	+5.133155e+03
+1.273563e+04	+1.149694e+04	+6.462551e+03
+1.275042e+04	+1.155088e+04	+6.438079e+03
+1.275037e+04	+1.151439e+04	+6.452969e+03
+1.235981e+04	+1.193592e+04	+7.069877e+03
+1.236335e+04	+1.194901e+04	+7.149114e+03
+1.234055e+04	+1.193544e+04	+7.183600e+03
+6.323431e+03	+1.114418e+04	+5.556718e+03
+6.303216e+03	+1.116035e+04	+5.545848e+03
+6.314041e+03	+1.113794e+04	+5.592788e+03
+6.975072e+03	+1.210773e+04	+6.277293e+03
+6.991684e+03	+1.212255e+04	+6.295544e+03
+6.998106e+03	+1.210499e+04	+6.406147e+03
+4.170692e+03	+8.831966e+03	+6.170859e+03
+4.180981e+03	+8.853518e+03	+6.190205e+03
+4.182187e+03	+8.857146e+03	+6.187694e+03
+3.978790e+03	+7.786190e+03	+6.172187e+03
+3.978175e+03	+7.744336e+03	+6.078480e+03
+4.006314e+03	+7.730539e+03	+6.141353e+03
+1.071109e+04	+9.777877e+03	+5.775514e+03
+1.073401e+04	+9.767591e+03	+5.699794e+03
+1.072504e+04	+9.752246e+03	+5.722703e+03
+1.100303e+04	+1.059438e+04	+5.545644e+03
+1.102964e+04	+1.064742e+04	+5.530772e+03
+1.106021e+04	+1.064956e+04	+5.501784e+03
+6.602796e+03	+1.215104e+04	+5.347079e+03
+6.583921e+03	+1.216896e+04	+5.323207e+03
+6.594573e+03	+1.217087e+04	+5.304284e+03
+6.981217e+03	+1.150314e+04	+5.600364e+03
+6.996235e+03	+1.147264e+04	+5.632568e+03
+6.991006e+03	+1.144013e+04	+5.667222e+03
+7.289434e+03	+9.800226e+03	+7.158550e+03
+7.254912e+03	+9.797224e+03	+7.172062e+03
+7.233380e+03	+9.815121e+03	+7.126125e+03
+7.252648e+03	+1.054365e+04	+6.547525e+03
+7.236272e+03	+1.052147e+04	+6.574417e+03
+7.247449e+03	+1.047652e+04	+6.558756e+03
+9.213623e+03	+9.150159e+03	+6.695916e+03
+9.196170e+03	+9.117383e+03	+6.702630e+03
+9.175251e+03	+9.134834e+03	+6.653749e+03
+8.577630e+03	+9.635506e+03	+6.730440e+03
+8.601583e+03	+9.606450e+03	+6.742987e+03
+8.624808e+03	+9.588474e+03	+6.700579e+03
+9.719439e+03	+9.001335e+03	+4.006665e+03
+9.701680e+03	+8.977107e+03	+3.915543e+03
+9.684304e+03	+8.953645e+03	+3.951707e+03
+8.904257e+03	+9.177623e+03	+4.187277e+03
+8.894524e+03	+9.133092e+03	+4.102147e+03
+8.902770e+03	+9.112583e+03	+4.044624e+03
+2.895398e+03	+8.721390e+03	+5.934313e+03
+2.856186e+03	+8.713504e+03	+5.917620e+03
+2.871953e+03	+8.709718e+03	+5.940863e+03
+4.354107e+03	+7.974040e+03	+5.841272e+03
+4.305403e+03	+7.988597e+03	+5.766998e+03
+4.295427e+03	+7.981161e+03	+5.879675e+03
+1.186591e+04	+8.160697e+03	+6.864713e+03
+1.188346e+04	+8.112667e+03	+6.920501e+03
+1.188828e+04	+8.109655e+03	+6.867531e+03
+1.286134e+04	+7.943015e+03	+7.476841e+03
+1.286078e+04	+7.980142e+03	+7.528182e+03
+1.286161e+04	+7.969623e+03	+7.525786e+03
+1.351028e+04	+7.550808e+03	+6.745243e+03
+1.355997e+04	+7.575685e+03	+6.685365e+03
+1.356648e+04	+7.595277e+03	+6.697026e+03
+1.271400e+04	+8.321232e+03	+6.209440e+03
+1.276341e+04	+8.303907e+03	+6.178799e+03
+1.273863e+04	+8.287326e+03	+6.185183e+03
+4.494755e+03	+9.858598e+03	+6.520079e+03
+4.522771e+03	+9.862182e+03	+6.518030e+03
+4.534856e+03	+9.847368e+03	+6.540548e+03
+3.243347e+03	+9.454368e+03	+6.919851e+03
+3.196401e+03	+9.470895e+03	+6.983433e+03
+3.221367e+03	+9.449916e+03	+7.004920e+03
+3.368464e+03	+7.159978e+03	+5.628751e+03
+3.387791e+03	+7.174583e+03	+5.674065e+03
+3.382424e+03	+7.196404e+03	+5.686674e+03
+3.529158e+03	+6.490868e+03	+5.796698e+03
+3.554803e+03	+6.501368e+03	+5.780268e+03
+3.568887e+03	+6.491408e+03	+5.828610e+03
+8.600993e+03	+6.360187e+03	+5.585431e+03
+8.653547e+03	+6.352298e+03	+5.574574e+03
+8.679493e+03	+6.366076e+03	+5.595315e+03
+7.412242e+03	+6.649410e+03	+5.926285e+03
+7.400192e+03	+6.653517e+03	+5.931655e+03
+7.388860e+03	+6.688103e+03	+6.044595e+03
+1.532071e+04	+6.090542e+03	+6.594220e+03
+1.528410e+04	+6.057128e+03	+6.465722e+03
+1.528464e+04	+6.085091e+03	+6.455808e+03
+1.589472e+04	+6.224900e+03	+7.208605e+03
+1.592362e+04	+6.237733e+03	+7.225688e+03
+1.591851e+04	+6.252053e+03	+7.182166e+03
+1.042423e+04	+9.280090e+03	+7.185332e+03
+1.041818e+04	+9.266921e+03	+7.221752e+03
+1.042406e+04	+9.225062e+03	+7.112975e+03
+1.018527e+04	+9.819440e+03	+7.587187e+03
+1.017601e+04	+9.864921e+03	+7.662914e+03
+1.021396e+04	+9.886143e+03	+7.629718e+03
+6.960313e+03	+6.891259e+03	+6.727420e+03
+6.999638e+03	+6.897182e+03	+6.717928e+03
+7.027305e+03	+6.906221e+03	+6.675672e+03
+5.694674e+03	+7.098094e+03	+6.927828e+03
+5.667950e+03	+7.112062e+03	+6.994736e+03
+5.632690e+03	+7.134781e+03	+6.953229e+03
+6.922093e+03	+1.023651e+04	+5.027081e+03
+6.883429e+03	+1.024798e+04	+5.020490e+03
+6.857106e+03	+1.024439e+04	+5.041240e+03
+5.438512e+03	+9.947598e+03	+5.795800e+03
+5.469451e+03	+9.986594e+03	+5.818885e+03
+5.472033e+03	+9.955253e+03	+5.921190e+03
+7.950965e+03	+5.045516e+03	+7.514365e+03
+7.928794e+03	+5.055823e+03	+7.611762e+03
+7.890112e+03	+5.093636e+03	+7.537885e+03
+7.157545e+03	+4.446110e+03	+7.325303e+03
+7.129374e+03	+4.434543e+03	+7.341535e+03
+7.096718e+03	+4.490923e+03	+7.398890e+03
+7.332185e+03	+3.021655e+03	+7.281361e+03
+7.331417e+03	+2.983131e+03	+7.304053e+03
+7.345388e+03	+2.964941e+03	+7.280770e+03
+7.435564e+03	+3.758021e+03	+7.270740e+03
+7.425205e+03	+3.785125e+03	+7.328614e+03
+7.462882e+03	+3.804495e+03	+7.263293e+03
+7.104126e+03	+4.620376e+03	+6.451684e+03
+7.106423e+03	+4.577416e+03	+6.402732e+03
+7.114047e+03	+4.647994e+03	+6.491174e+03
+7.604335e+03	+3.990974e+03	+5.747657e+03
+7.588021e+03	+4.014730e+03	+5.581919e+03
+7.584393e+03	+4.018983e+03	+5.574081e+03
+7.602350e+03	+1.101675e+04	+5.594365e+03
+7.571848e+03	+1.102918e+04	+5.504167e+03
+7.574173e+03	+1.098903e+04	+5.461005e+03
+8.197194e+03	+1.043556e+04	+5.461068e+03
+8.247499e+03	+1.043752e+04	+5.459072e+03
+8.245918e+03	+1.040897e+04	+5.491083e+03
+9.695124e+03	+3.678601e+03	+5.266636e+03
+9.704525e+03	+3.679718e+03	+5.279505e+03
+9.657111e+03	+3.658848e+03	+5.200883e+03
+1.027840e+04	+3.530395e+03	+5.496071e+03
+1.028823e+04	+3.525476e+03	+5.493449e+03
+1.031425e+04	+3.503752e+03	+5.480579e+03
+1.168035e+04	+5.799513e+03	+7.339823e+03
+1.169522e+04	+5.818421e+03	+7.371774e+03
+1.167956e+04	+5.817573e+03	+7.398066e+03
+1.150010e+04	+5.334221e+03	+7.529945e+03
+1.146355e+04	+5.314098e+03	+7.523379e+03
+1.148088e+04	+5.323038e+03	+7.503409e+03
+6.035418e+03	+6.049139e+03	+6.481640e+03
+6.035653e+03	+6.028966e+03	+6.517195e+03
+6.070367e+03	+6.051541e+03	+6.567276e+03
+6.285177e+03	+6.537374e+03	+6.494773e+03
+6.301629e+03	+6.549772e+03	+6.514339e+03
+6.297326e+03	+6.562871e+03	+6.534729e+03
+8.481966e+03	+3.011422e+03	+6.188065e+03
+8.492909e+03	+2.966323e+03	+6.144955e+03
+8.483924e+03	+2.950157e+03	+6.125866e+03
+8.406505e+03	+3.574766e+03	+6.537975e+03
+8.416795e+03	+3.607752e+03	+6.586378e+03
+8.407221e+03	+3.609632e+03	+6.627273e+03
+1.081959e+04	+1.181175e+04	+5.567348e+03
+1.080251e+04	+1.181529e+04	+5.519545e+03
+1.078594e+04	+1.180819e+04	+5.490126e+03
+1.090764e+04	+1.226746e+04	+6.098172e+03
+1.090375e+04	+1.228644e+04	+6.115517e+03
+1.091915e+04	+1.227668e+04	+6.173626e+03
+1.094893e+04	+1.012880e+04	+6.793715e+03
+1.093800e+04	+1.012827e+04	+6.823833e+03
+1.090363e+04	+1.015997e+04	+6.841889e+03
+1.152934e+04	+1.040272e+04	+7.128396e+03
+1.154254e+04	+1.040367e+04	+7.183334e+03
+1.152087e+04	+1.042126e+04	+7.150616e+03
+8.257758e+03	+1.239812e+04	+5.969357e+03
+8.270791e+03	+1.241355e+04	+5.974525e+03
+8.297606e+03	+1.238689e+04	+5.935497e+03
+7.625433e+03	+1.256599e+04	+6.259651e+03
+7.600986e+03	+1.256877e+04	+6.330155e+03
+7.582851e+03	+1.256881e+04	+6.367197e+03
+7.149720e+03	+4.992025e+03	+5.287911e+03
+7.167550e+03	+5.042325e+03	+5.268184e+03
+7.184877e+03	+5.054971e+03	+5.249899e+03
+6.785505e+03	+4.395293e+03	+5.947381e+03
+6.783784e+03	+4.381550e+03	+6.037658e+03
+6.782058e+03	+4.390693e+03	+6.014528e+03
+9.227469e+03	+8.493005e+03	+7.271657e+03
+9.186507e+03	+8.510446e+03	+7.229325e+03
+9.193789e+03	+8.476400e+03	+7.222605e+03
+9.502328e+03	+9.168679e+03	+7.806935e+03
+9.460491e+03	+9.162662e+03	+7.852477e+03
+9.465723e+03	+9.159951e+03	+7.921421e+03
+9.607767e+03	+1.009623e+04	+7.674931e+03
+9.562153e+03	+1.009449e+04	+7.700042e+03
+9.581408e+03	+1.005905e+04	+7.714526e+03
+1.035279e+04	+1.013550e+04	+7.641291e+03
+1.038691e+04	+1.012142e+04	+7.659309e+03
+1.040139e+04	+1.012886e+04	+7.694340e+03
+9.935739e+03	+5.954286e+03	+7.238845e+03
+9.908571e+03	+5.976494e+03	+7.307297e+03
+9.919929e+03	+5.958443e+03	+7.353830e+03
+1.061389e+04	+5.474227e+03	+7.085339e+03
+1.064261e+04	+5.451874e+03	+7.187467e+03
+1.064677e+04	+5.482257e+03	+7.185002e+03
+1.264469e+04	+8.742279e+03	+6.383260e+03
+1.265625e+04	+8.717983e+03	+6.382567e+03
+1.266485e+04	+8.722516e+03	+6.420045e+03
+1.193555e+04	+8.481995e+03	+6.713795e+03
+1.192093e+04	+8.497473e+03	+6.759055e+03
+1.189145e+04	+8.500578e+03	+6.730594e+03
+4.826050e+03	+6.021454e+03	+6.144480e+03
+4.859859e+03	+6.069383e+03	+6.132009e+03
+4.884621e+03	+6.102465e+03	+6.093522e+03
+4.960667e+03	+5.286588e+03	+6.871234e+03
+4.967487e+03	+5.283554e+03	+6.886432e+03
+4.971296e+03	+5.266816e+03	+6.928208e+03
+1.189341e+04	+9.118857e+03	+5.075672e+03
+1.193436e+04	+9.138001e+03	+5.001143e+03
+1.192395e+04	+9.111632e+03	+4.999536e+03
+1.086485e+04	+8.919777e+03	+5.528688e+03
+1.084725e+04	+8.890801e+03	+5.438750e+03
+1.084163e+04	+8.914914e+03	+5.451880e+03
+1.014547e+04	+4.836339e+03	+6.147431e+03
+1.016326e+04	+4.833460e+03	+6.171210e+03
+1.014849e+04	+4.858348e+03	+6.138957e+03
+9.494425e+03	+4.639046e+03	+6.465949e+03
+9.492453e+03	+4.658994e+03	+6.505249e+03
+9.498949e+03	+4.652058e+03	+6.514904e+03
+7.951911e+03	+4.645678e+03	+5.034152e+03
+7.975182e+03	+4.671941e+03	+5.083719e+03
+7.957167e+03	+4.665896e+03	+5.022918e+03
+8.492231e+03	+4.511588e+03	+4.402477e+03
+8.485019e+03	+4.453430e+03	+4.383559e+03
+8.466633e+03	+4.495902e+03	+4.355181e+03
+7.632136e+03	+1.137274e+04	+5.313660e+03
+7.614974e+03	+1.137664e+04	+5.214164e+03
+7.614171e+03	+1.135797e+04	+5.172888e+03
+8.298105e+03	+1.133422e+04	+5.216378e+03
+8.326007e+03	+1.136391e+04	+5.202441e+03
+8.317703e+03	+1.134275e+04	+5.118833e+03
+8.380547e+03	+1.062470e+04	+6.935659e+03
+8.357351e+03	+1.060465e+04	+6.922191e+03
+8.313865e+03	+1.058838e+04	+6.871298e+03
+8.211958e+03	+1.122558e+04	+7.229150e+03
+8.209200e+03	+1.123267e+04	+7.245344e+03
+8.208583e+03	+1.122705e+04	+7.246957e+03
+8.741512e+03	+3.324094e+03	+6.361764e+03
+8.732979e+03	+3.294815e+03	+6.358111e+03
+8.702010e+03	+3.325037e+03	+6.415172e+03
+8.862117e+03	+3.903246e+03	+6.753681e+03
+8.842490e+03	+3.909994e+03	+6.777832e+03
+8.844636e+03	+3.924102e+03	+6.788888e+03
+6.799901e+03	+1.003789e+04	+5.629176e+03
+6.800396e+03	+1.000371e+04	+5.614359e+03
+6.831195e+03	+9.997511e+03	+5.652845e+03
+5.824515e+03	+9.292746e+03	+5.744490e+03
+5.851233e+03	+9.285396e+03	+5.585491e+03
+5.878130e+03	+9.263510e+03	+5.626607e+03
