_____11. 2. 2022_____
 comment:	Exmpl_S16.6.4_CC-NC-NN_DMSO_meta
 nostates:	1
 nomarkers:	3
 dim:	3
 nodata:	570





+6.540404e+03	+6.730586e+03	+7.040701e+03
+6.455458e+03	+6.766395e+03	+7.048472e+03
+6.456964e+03	+6.794833e+03	+7.062995e+03
+6.319131e+03	+7.684601e+03	+7.227970e+03
+6.263191e+03	+7.713678e+03	+7.239029e+03
+6.269238e+03	+7.687860e+03	+7.204008e+03
+6.287887e+03	+4.757207e+03	+7.782683e+03
+6.289336e+03	+4.773649e+03	+7.902772e+03
+6.330844e+03	+4.759598e+03	+7.884566e+03
+5.555906e+03	+5.135469e+03	+7.565082e+03
+5.492282e+03	+5.211715e+03	+7.610775e+03
+5.511685e+03	+5.234754e+03	+7.580306e+03
+8.966562e+03	+8.287832e+03	+3.699832e+03
+8.908949e+03	+8.284546e+03	+3.715699e+03
+8.885728e+03	+8.301644e+03	+3.641776e+03
+9.989508e+03	+7.557854e+03	+3.910981e+03
+1.004614e+04	+7.513145e+03	+3.824750e+03
+1.006834e+04	+7.488226e+03	+3.826190e+03
+7.223573e+03	+3.931097e+03	+4.241946e+03
+7.249970e+03	+3.921951e+03	+4.261180e+03
+7.252569e+03	+3.952371e+03	+4.244237e+03
+8.161438e+03	+3.698853e+03	+3.949480e+03
+8.221195e+03	+3.683161e+03	+3.928262e+03
+8.250724e+03	+3.676464e+03	+3.985920e+03
+9.793520e+03	+7.990999e+03	+4.810329e+03
+9.778161e+03	+7.979513e+03	+4.763602e+03
+9.735851e+03	+7.992537e+03	+4.786870e+03
+1.102278e+04	+7.527619e+03	+4.759891e+03
+1.108564e+04	+7.514357e+03	+4.793777e+03
+1.109558e+04	+7.462237e+03	+4.700969e+03
+8.579332e+03	+9.829362e+03	+3.295524e+03
+8.566149e+03	+9.819269e+03	+3.273424e+03
+8.514513e+03	+9.794012e+03	+3.350789e+03
+9.175719e+03	+8.997183e+03	+2.906203e+03
+9.173814e+03	+9.013346e+03	+2.865962e+03
+9.131156e+03	+9.012783e+03	+2.853659e+03
+8.378012e+03	+1.013970e+04	+4.917630e+03
+8.384746e+03	+1.012695e+04	+4.911588e+03
+8.383965e+03	+1.009297e+04	+4.799583e+03
+7.362019e+03	+1.035207e+04	+4.975902e+03
+7.326263e+03	+1.037124e+04	+5.053641e+03
+7.282144e+03	+1.035971e+04	+5.019736e+03
+4.758591e+03	+4.228734e+03	+5.512594e+03
+4.727568e+03	+4.258267e+03	+5.529365e+03
+4.716794e+03	+4.285934e+03	+5.487609e+03
+5.454115e+03	+3.413960e+03	+6.173536e+03
+5.440824e+03	+3.406295e+03	+6.215406e+03
+5.482513e+03	+3.425686e+03	+6.224155e+03
+9.021638e+03	+6.031751e+03	+2.537620e+03
+9.074564e+03	+5.987079e+03	+2.524283e+03
+9.121707e+03	+6.003050e+03	+2.497198e+03
+7.586880e+03	+6.759199e+03	+2.785262e+03
+7.580607e+03	+6.791181e+03	+2.764521e+03
+7.562960e+03	+6.792615e+03	+2.870704e+03
+6.700525e+03	+4.849928e+03	+2.707376e+03
+6.687464e+03	+4.867505e+03	+2.603301e+03
+6.657026e+03	+4.885753e+03	+2.641922e+03
+7.922845e+03	+4.278676e+03	+3.027875e+03
+7.983973e+03	+4.226351e+03	+3.018181e+03
+7.995641e+03	+4.243125e+03	+3.032484e+03
+1.058236e+04	+8.566263e+03	+2.327806e+03
+1.065465e+04	+8.544574e+03	+2.313678e+03
+1.068445e+04	+8.531196e+03	+2.365080e+03
+9.569903e+03	+9.208664e+03	+2.222770e+03
+9.578380e+03	+9.171374e+03	+2.156869e+03
+9.535279e+03	+9.181971e+03	+2.219810e+03
+5.808478e+03	+5.077229e+03	+6.078640e+03
+5.761944e+03	+5.125448e+03	+6.073251e+03
+5.766143e+03	+5.144815e+03	+6.100720e+03
+6.408644e+03	+4.144333e+03	+6.313633e+03
+6.438493e+03	+4.108187e+03	+6.379478e+03
+6.477956e+03	+4.075027e+03	+6.389978e+03
+5.503960e+03	+8.756336e+03	+3.590092e+03
+5.455385e+03	+8.676587e+03	+3.672359e+03
+5.432589e+03	+8.632695e+03	+3.667245e+03
+6.268242e+03	+9.217713e+03	+3.919578e+03
+6.318202e+03	+9.273358e+03	+3.917415e+03
+6.328926e+03	+9.273987e+03	+3.985546e+03
+6.457929e+03	+5.035476e+03	+5.232072e+03
+6.417136e+03	+5.038706e+03	+5.239890e+03
+6.359527e+03	+5.046300e+03	+5.233410e+03
+7.347356e+03	+5.564649e+03	+5.249563e+03
+7.347729e+03	+5.606766e+03	+5.325978e+03
+7.366518e+03	+5.610713e+03	+5.277459e+03
+8.376327e+03	+9.561357e+03	+5.562330e+03
+8.414973e+03	+9.582697e+03	+5.559665e+03
+8.420299e+03	+9.602623e+03	+5.516765e+03
+7.982787e+03	+8.722883e+03	+6.319149e+03
+8.006547e+03	+8.724293e+03	+6.320517e+03
+8.014022e+03	+8.746460e+03	+6.260903e+03
+6.176130e+03	+7.031874e+03	+1.633414e+03
+6.219563e+03	+7.008072e+03	+1.529788e+03
+6.228352e+03	+7.019266e+03	+1.575792e+03
+5.042529e+03	+6.302066e+03	+1.952227e+03
+5.005915e+03	+6.283251e+03	+1.855187e+03
+4.977518e+03	+6.248554e+03	+1.901585e+03
+5.947094e+03	+7.561908e+03	+2.737744e+03
+5.925943e+03	+7.535809e+03	+2.669466e+03
+5.891256e+03	+7.535238e+03	+2.654067e+03
+6.921474e+03	+7.877187e+03	+2.840035e+03
+6.978882e+03	+7.844738e+03	+2.781905e+03
+7.000562e+03	+7.882171e+03	+2.733282e+03
+9.763694e+03	+3.756873e+03	+4.161808e+03
+9.826607e+03	+3.776214e+03	+4.139322e+03
+9.820419e+03	+3.797128e+03	+4.192589e+03
+9.039385e+03	+2.966534e+03	+4.269749e+03
+9.080965e+03	+2.909441e+03	+4.327281e+03
+9.028652e+03	+2.943932e+03	+4.331152e+03
+6.023488e+03	+4.092263e+03	+6.615901e+03
+5.963441e+03	+4.067469e+03	+6.589190e+03
+5.934713e+03	+4.037618e+03	+6.548895e+03
+6.950311e+03	+4.573387e+03	+6.577602e+03
+6.948670e+03	+4.566142e+03	+6.592257e+03
+6.974408e+03	+4.612181e+03	+6.603365e+03
+4.646728e+03	+8.539091e+03	+4.158582e+03
+4.611251e+03	+8.521251e+03	+4.170194e+03
+4.556818e+03	+8.493387e+03	+4.181693e+03
+5.636348e+03	+9.462993e+03	+4.225689e+03
+5.647851e+03	+9.512429e+03	+4.235699e+03
+5.699466e+03	+9.517905e+03	+4.259605e+03
+6.027634e+03	+1.102647e+04	+6.506766e+03
+6.055130e+03	+1.108669e+04	+6.450463e+03
+6.104193e+03	+1.105812e+04	+6.500137e+03
+5.482666e+03	+1.024469e+04	+6.433071e+03
+5.546323e+03	+1.024160e+04	+6.505231e+03
+5.569406e+03	+1.025982e+04	+6.525847e+03
+3.861193e+03	+1.039947e+04	+5.183728e+03
+3.872423e+03	+1.039685e+04	+5.157252e+03
+3.917930e+03	+1.040734e+04	+5.161598e+03
+2.833959e+03	+9.780133e+03	+5.212083e+03
+2.765328e+03	+9.754445e+03	+5.260421e+03
+2.760466e+03	+9.722582e+03	+5.245723e+03
+6.331796e+03	+9.356834e+03	+5.412500e+03
+6.285754e+03	+9.330935e+03	+5.441941e+03
+6.265689e+03	+9.281321e+03	+5.366564e+03
+7.231679e+03	+1.008343e+04	+5.647687e+03
+7.212827e+03	+1.014717e+04	+5.613347e+03
+7.240729e+03	+1.016391e+04	+5.584103e+03
+6.689100e+03	+9.260909e+03	+6.880645e+03
+6.624532e+03	+9.260088e+03	+6.900752e+03
+6.595307e+03	+9.266714e+03	+6.950728e+03
+7.610721e+03	+9.583568e+03	+6.394739e+03
+7.621155e+03	+9.613096e+03	+6.461234e+03
+7.664767e+03	+9.598128e+03	+6.458705e+03
+6.182734e+03	+8.073238e+03	+2.515396e+03
+6.208554e+03	+8.037666e+03	+2.453157e+03
+6.260592e+03	+8.050687e+03	+2.444434e+03
+4.699612e+03	+8.107492e+03	+2.212438e+03
+4.631891e+03	+8.124648e+03	+2.174143e+03
+4.586867e+03	+8.128019e+03	+2.223072e+03
+4.823778e+03	+1.016950e+04	+1.606828e+03
+4.761115e+03	+1.017398e+04	+1.531114e+03
+4.719125e+03	+1.017809e+04	+1.556432e+03
+6.125949e+03	+1.006163e+04	+1.532615e+03
+6.171897e+03	+1.002182e+04	+1.512106e+03
+6.193524e+03	+9.991772e+03	+1.557707e+03
+3.763353e+03	+2.084018e+03	+3.588706e+03
+3.696754e+03	+2.069700e+03	+3.598368e+03
+3.660145e+03	+2.118707e+03	+3.592517e+03
+5.270788e+03	+1.903626e+03	+3.858966e+03
+5.276493e+03	+1.897363e+03	+3.902650e+03
+5.309474e+03	+1.980349e+03	+3.910858e+03
+6.668665e+03	+7.359278e+03	+8.628043e+02
+6.727403e+03	+7.345217e+03	+9.004179e+02
+6.765438e+03	+7.321744e+03	+9.400335e+02
+5.486351e+03	+8.009818e+03	+1.491328e+03
+5.518268e+03	+8.008446e+03	+1.474821e+03
+5.566045e+03	+7.986837e+03	+1.499118e+03
+4.960896e+03	+3.310096e+03	+4.983078e+03
+4.995957e+03	+3.358770e+03	+5.118710e+03
+5.022769e+03	+3.316099e+03	+5.041441e+03
+3.548732e+03	+3.912046e+03	+4.646592e+03
+3.491601e+03	+3.910371e+03	+4.662043e+03
+3.503945e+03	+3.937702e+03	+4.620801e+03
+6.631566e+03	+1.064328e+04	+1.825930e+03
+6.667132e+03	+1.063669e+04	+1.773993e+03
+6.719030e+03	+1.061980e+04	+1.803439e+03
+5.262098e+03	+1.109652e+04	+2.093806e+03
+5.246133e+03	+1.110529e+04	+2.117652e+03
+5.174949e+03	+1.112214e+04	+2.132030e+03
+7.001454e+03	+8.866662e+03	+2.534861e+03
+7.048483e+03	+8.826187e+03	+2.509467e+03
+7.067849e+03	+8.775128e+03	+2.469691e+03
+5.403601e+03	+9.450053e+03	+2.595558e+03
+5.381767e+03	+9.484984e+03	+2.545131e+03
+5.337301e+03	+9.511142e+03	+2.578756e+03
+7.189851e+03	+9.690572e+03	+3.293365e+03
+7.221448e+03	+9.696437e+03	+3.320468e+03
+7.237494e+03	+9.672512e+03	+3.362326e+03
+5.649905e+03	+1.016647e+04	+2.940365e+03
+5.640677e+03	+1.021101e+04	+2.874045e+03
+5.569287e+03	+1.021167e+04	+2.826315e+03
+4.519271e+03	+6.743127e+03	+9.389347e+02
+4.470748e+03	+6.758110e+03	+1.036446e+03
+4.430899e+03	+6.769525e+03	+9.802982e+02
+6.464280e+03	+6.652744e+03	+1.402275e+03
+6.532644e+03	+6.630842e+03	+1.375557e+03
+6.581347e+03	+6.666635e+03	+1.397137e+03
+6.965713e+03	+5.766142e+03	+2.737967e+03
+6.993896e+03	+5.767933e+03	+2.782837e+03
+7.037584e+03	+5.743633e+03	+2.701753e+03
+5.542904e+03	+6.044059e+03	+2.463683e+03
+5.478643e+03	+6.044911e+03	+2.462371e+03
+5.417835e+03	+6.008173e+03	+2.487338e+03
+6.859841e+03	+8.689222e+03	+1.535555e+03
+6.826172e+03	+8.697239e+03	+1.565233e+03
+6.790765e+03	+8.677114e+03	+1.606973e+03
+7.969675e+03	+8.333401e+03	+1.464364e+03
+7.992454e+03	+8.333874e+03	+1.404056e+03
+8.032749e+03	+8.311970e+03	+1.445421e+03
+8.098160e+03	+8.714294e+03	+2.282863e+03
+8.071721e+03	+8.707934e+03	+2.253060e+03
+8.050069e+03	+8.727883e+03	+2.263952e+03
+9.395482e+03	+8.652634e+03	+2.527832e+03
+9.432387e+03	+8.649882e+03	+2.544768e+03
+9.489046e+03	+8.631072e+03	+2.527599e+03
+7.759695e+03	+8.808037e+03	+3.973126e+03
+7.803514e+03	+8.810892e+03	+3.964233e+03
+7.836669e+03	+8.791562e+03	+3.950924e+03
+6.430542e+03	+9.115475e+03	+3.759357e+03
+6.375195e+03	+9.125536e+03	+3.723406e+03
+6.360017e+03	+9.115480e+03	+3.724885e+03
+7.950938e+03	+8.252101e+03	+6.635467e+03
+7.944214e+03	+8.248394e+03	+6.633479e+03
+7.898761e+03	+8.307046e+03	+6.667796e+03
+6.697762e+03	+8.307062e+03	+6.218719e+03
+6.646806e+03	+8.308960e+03	+6.253351e+03
+6.599128e+03	+8.355628e+03	+6.271036e+03
+7.801118e+03	+6.809969e+03	+4.609796e+03
+7.826088e+03	+6.816305e+03	+4.689051e+03
+7.818933e+03	+6.786989e+03	+4.726487e+03
+6.800124e+03	+7.523452e+03	+4.726157e+03
+6.718133e+03	+7.532171e+03	+4.706667e+03
+6.687307e+03	+7.565592e+03	+4.691620e+03
+7.109626e+03	+8.619705e+03	+5.272698e+03
+7.141582e+03	+8.589140e+03	+5.266315e+03
+7.186511e+03	+8.570869e+03	+5.261806e+03
+6.052081e+03	+8.892092e+03	+5.139366e+03
+6.011173e+03	+8.917308e+03	+5.127173e+03
+5.992928e+03	+8.960877e+03	+5.108492e+03
+7.259746e+03	+1.096899e+04	+6.533916e+02
+7.237155e+03	+1.100222e+04	+6.174886e+02
+7.183091e+03	+1.098670e+04	+5.682349e+02
+8.372846e+03	+1.070919e+04	+2.822987e+02
+8.401498e+03	+1.070178e+04	+1.872224e+02
+8.458039e+03	+1.069185e+04	+3.563161e+02
+7.419496e+03	+1.035679e+04	+1.258308e+03
+7.375983e+03	+1.037527e+04	+1.274482e+03
+7.348230e+03	+1.035617e+04	+1.273208e+03
+8.676269e+03	+9.991178e+03	+1.406333e+03
+8.703953e+03	+1.000471e+04	+1.393355e+03
+8.770014e+03	+1.001336e+04	+1.488035e+03
+8.192328e+03	+1.153952e+04	+5.849655e+03
+8.154273e+03	+1.155912e+04	+5.898403e+03
+8.102350e+03	+1.153182e+04	+5.861797e+03
+9.306611e+03	+1.114205e+04	+5.776822e+03
+9.355357e+03	+1.111101e+04	+5.828762e+03
+9.358816e+03	+1.106630e+04	+5.752772e+03
+8.916459e+03	+9.351115e+03	+6.792625e+03
+8.951986e+03	+9.285459e+03	+6.788075e+03
+8.962064e+03	+9.283999e+03	+6.774846e+03
+7.960020e+03	+9.707256e+03	+6.644099e+03
+7.953085e+03	+9.720201e+03	+6.765230e+03
+7.898950e+03	+9.769833e+03	+6.631889e+03
+9.128399e+03	+9.055582e+03	+5.477153e+03
+9.164278e+03	+9.001995e+03	+5.516001e+03
+9.224529e+03	+8.978830e+03	+5.460956e+03
+8.023568e+03	+8.753088e+03	+5.379613e+03
+8.050782e+03	+8.705933e+03	+5.376682e+03
+8.090627e+03	+8.740357e+03	+5.442243e+03
+7.153410e+03	+7.848484e+03	+6.912875e+02
+7.114196e+03	+7.889480e+03	+6.907417e+02
+7.080561e+03	+7.881076e+03	+6.220372e+02
+8.421743e+03	+7.711161e+03	+7.753022e+02
+8.505793e+03	+7.752541e+03	+7.033126e+02
+8.530746e+03	+7.733140e+03	+6.254789e+02
+8.084412e+03	+7.439643e+03	+2.371409e+03
+8.123535e+03	+7.422971e+03	+2.373463e+03
+8.162998e+03	+7.399977e+03	+2.414097e+03
+6.957738e+03	+8.045260e+03	+2.359954e+03
+6.916777e+03	+8.066429e+03	+2.319543e+03
+6.884192e+03	+8.101250e+03	+2.344650e+03
+7.888357e+03	+5.180310e+03	+2.308623e+03
+7.922109e+03	+5.118981e+03	+2.235455e+03
+7.990789e+03	+5.102745e+03	+2.275318e+03
+7.423017e+03	+6.342484e+03	+2.294518e+03
+7.458607e+03	+6.412080e+03	+2.299798e+03
+7.434379e+03	+6.436657e+03	+2.301288e+03
+7.705412e+03	+4.987341e+03	+5.838962e+03
+7.733777e+03	+4.941185e+03	+5.866672e+03
+7.715771e+03	+4.901601e+03	+5.829357e+03
+7.482815e+03	+6.024074e+03	+6.183079e+03
+7.496843e+03	+6.048393e+03	+6.202361e+03
+7.504584e+03	+6.106627e+03	+6.201446e+03
+6.622451e+03	+5.652032e+03	+5.264823e+03
+6.621481e+03	+5.679437e+03	+5.273185e+03
+6.581244e+03	+5.720606e+03	+5.300660e+03
+6.980945e+03	+4.681105e+03	+5.093131e+03
+6.988319e+03	+4.656169e+03	+5.102961e+03
+7.011728e+03	+4.630623e+03	+5.022322e+03
+6.235650e+03	+5.953105e+03	+6.168487e+03
+6.223267e+03	+5.976814e+03	+6.136968e+03
+6.229109e+03	+6.017070e+03	+6.128688e+03
+6.153636e+03	+4.530293e+03	+6.054932e+03
+6.087933e+03	+4.509326e+03	+6.043541e+03
+6.121430e+03	+4.443775e+03	+6.021851e+03
+1.127027e+04	+6.904224e+03	+2.193728e+03
+1.131387e+04	+6.896529e+03	+2.165992e+03
+1.132123e+04	+6.844288e+03	+2.208740e+03
+1.079653e+04	+7.949105e+03	+2.310049e+03
+1.076383e+04	+7.992113e+03	+2.311438e+03
+1.077677e+04	+8.030765e+03	+2.301079e+03
+1.184249e+04	+6.638513e+03	+2.310556e+03
+1.187234e+04	+6.617192e+03	+2.271678e+03
+1.183300e+04	+6.579830e+03	+2.340082e+03
+1.159787e+04	+7.933572e+03	+2.476648e+03
+1.162418e+04	+7.993900e+03	+2.464592e+03
+1.157008e+04	+8.023581e+03	+2.505550e+03
+1.080212e+04	+6.664749e+03	+4.366677e+03
+1.081568e+04	+6.707005e+03	+4.355233e+03
+1.083847e+04	+6.759584e+03	+4.497987e+03
+1.063797e+04	+5.451305e+03	+4.424831e+03
+1.062060e+04	+5.397638e+03	+4.357398e+03
+1.058604e+04	+5.363895e+03	+4.397835e+03
+6.008229e+03	+5.610661e+03	+1.613664e+03
+6.065741e+03	+5.597966e+03	+1.490368e+03
+6.048972e+03	+5.533714e+03	+1.561546e+03
+5.793082e+03	+7.050521e+03	+1.890253e+03
+5.825838e+03	+7.122430e+03	+1.884795e+03
+5.791157e+03	+7.129855e+03	+1.950268e+03
+1.038834e+04	+5.193536e+03	+6.110775e+03
+1.041223e+04	+5.149707e+03	+6.084826e+03
+1.039056e+04	+5.105196e+03	+6.064240e+03
+1.035636e+04	+6.526017e+03	+6.234584e+03
+1.032097e+04	+6.547885e+03	+6.272343e+03
+1.030169e+04	+6.607441e+03	+6.230679e+03
+9.531637e+03	+6.980676e+03	+6.168156e+03
+9.524527e+03	+7.056829e+03	+6.194838e+03
+9.539377e+03	+7.084750e+03	+6.169963e+03
+9.632755e+03	+5.750148e+03	+6.209537e+03
+9.646824e+03	+5.704739e+03	+6.236357e+03
+9.636933e+03	+5.682806e+03	+6.255456e+03
+1.245811e+04	+6.077686e+03	+2.688184e+03
+1.247542e+04	+6.055920e+03	+2.652071e+03
+1.244609e+04	+6.011874e+03	+2.670836e+03
+1.238125e+04	+7.327953e+03	+2.927785e+03
+1.239657e+04	+7.383881e+03	+2.931002e+03
+1.238135e+04	+7.399114e+03	+2.985996e+03
+5.260398e+03	+4.739467e+03	+5.804626e+03
+5.258280e+03	+4.731178e+03	+5.851377e+03
+5.266278e+03	+4.676639e+03	+5.834279e+03
+4.711738e+03	+3.691120e+03	+5.506074e+03
+4.702224e+03	+3.646407e+03	+5.497063e+03
+4.781023e+03	+3.645273e+03	+5.519030e+03
+8.956355e+03	+6.569905e+03	+5.247462e+03
+8.918494e+03	+6.590581e+03	+5.274607e+03
+8.936037e+03	+6.641553e+03	+5.246329e+03
+9.124375e+03	+5.486286e+03	+4.978869e+03
+9.130498e+03	+5.479259e+03	+5.031964e+03
+9.155974e+03	+5.433810e+03	+4.888740e+03
+9.122214e+03	+6.122625e+03	+6.932765e+03
+9.079379e+03	+6.154924e+03	+6.935464e+03
+9.055523e+03	+6.210646e+03	+6.945842e+03
+9.222307e+03	+5.011915e+03	+6.564637e+03
+9.171021e+03	+4.943549e+03	+6.564424e+03
+9.191206e+03	+4.956331e+03	+6.574917e+03
+5.648818e+03	+6.100790e+03	+3.230455e+03
+5.629771e+03	+6.157431e+03	+3.202691e+03
+5.617326e+03	+6.173264e+03	+3.239297e+03
+5.314986e+03	+4.643427e+03	+2.893422e+03
+5.367265e+03	+4.650251e+03	+2.839458e+03
+5.358961e+03	+4.620542e+03	+2.761154e+03
+7.641483e+03	+3.944925e+03	+6.555291e+03
+7.643810e+03	+3.842360e+03	+6.572581e+03
+7.626589e+03	+3.834181e+03	+6.573828e+03
+7.216060e+03	+5.373898e+03	+6.990648e+03
+7.193753e+03	+5.394967e+03	+6.953316e+03
+7.165914e+03	+5.429344e+03	+6.982366e+03
+4.165212e+03	+4.865009e+03	+3.809734e+03
+4.153765e+03	+4.830201e+03	+3.773482e+03
+4.192115e+03	+4.811296e+03	+3.790575e+03
+4.104772e+03	+5.987539e+03	+3.869583e+03
+4.089332e+03	+6.070060e+03	+4.039950e+03
+4.102846e+03	+6.073266e+03	+3.917486e+03
+3.581089e+03	+5.194597e+03	+5.090265e+03
+3.529760e+03	+5.241479e+03	+5.197898e+03
+3.568446e+03	+5.286155e+03	+5.191367e+03
+3.948224e+03	+4.009133e+03	+4.861281e+03
+3.967026e+03	+3.962082e+03	+4.867484e+03
+3.995787e+03	+3.929428e+03	+4.843537e+03
+5.195092e+03	+5.612693e+03	+1.598667e+03
+5.205987e+03	+5.572412e+03	+1.497189e+03
+5.270114e+03	+5.536119e+03	+1.553172e+03
+4.842889e+03	+6.960288e+03	+1.769477e+03
+4.850584e+03	+7.013794e+03	+1.738059e+03
+4.852939e+03	+7.029031e+03	+1.757446e+03
+1.252806e+04	+7.620881e+03	+4.689396e+03
+1.252105e+04	+7.643511e+03	+4.769084e+03
+1.249255e+04	+7.653262e+03	+4.751417e+03
+1.287842e+04	+6.316677e+03	+4.602284e+03
+1.287234e+04	+6.282690e+03	+4.585287e+03
+1.285606e+04	+6.217805e+03	+4.517646e+03
+1.288673e+04	+5.296682e+03	+5.934835e+03
+1.290364e+04	+5.256476e+03	+5.937079e+03
+1.284269e+04	+5.226993e+03	+5.881812e+03
+1.268281e+04	+6.686915e+03	+6.038775e+03
+1.268320e+04	+6.702858e+03	+6.098715e+03
+1.265910e+04	+6.743965e+03	+6.119460e+03
+6.668088e+03	+5.249730e+03	+7.277537e+03
+6.638121e+03	+5.222708e+03	+7.301245e+03
+6.666604e+03	+5.297344e+03	+7.306919e+03
+6.880717e+03	+4.041432e+03	+7.100065e+03
+6.879999e+03	+3.981052e+03	+7.066123e+03
+6.897100e+03	+3.956120e+03	+7.064463e+03
+1.123585e+04	+6.268574e+03	+6.559847e+03
+1.119566e+04	+6.327996e+03	+6.596509e+03
+1.119086e+04	+6.389591e+03	+6.548045e+03
+1.150893e+04	+4.987563e+03	+6.586638e+03
+1.151899e+04	+4.927135e+03	+6.599696e+03
+1.152216e+04	+4.903123e+03	+6.594298e+03
+8.800015e+03	+8.919508e+03	+4.886081e+03
+8.883801e+03	+8.910974e+03	+4.866407e+03
+8.905133e+03	+8.938160e+03	+4.906633e+03
+7.799588e+03	+9.007996e+03	+4.556174e+03
+7.784706e+03	+8.999033e+03	+4.571844e+03
+7.747284e+03	+9.034793e+03	+4.541219e+03
+8.594678e+03	+1.006440e+04	+6.327858e+03
+8.616326e+03	+1.006991e+04	+6.417459e+03
+8.656853e+03	+1.003372e+04	+6.372830e+03
+7.216360e+03	+1.063237e+04	+5.807835e+03
+7.212989e+03	+1.063037e+04	+5.826870e+03
+7.170092e+03	+1.061271e+04	+5.781624e+03
+5.744845e+03	+8.152852e+03	+6.697608e+03
+5.719396e+03	+8.181713e+03	+6.707330e+03
+5.687939e+03	+8.227153e+03	+6.706397e+03
+6.763836e+03	+7.769723e+03	+7.389584e+03
+6.761544e+03	+7.763810e+03	+7.406567e+03
+6.830654e+03	+7.737332e+03	+7.440081e+03
+5.225551e+03	+1.096050e+04	+5.761970e+03
+5.217926e+03	+1.096692e+04	+5.746595e+03
+5.169852e+03	+1.095650e+04	+5.707224e+03
+6.428854e+03	+1.109733e+04	+6.607929e+03
+6.439688e+03	+1.109937e+04	+6.690079e+03
+6.485519e+03	+1.106733e+04	+6.682905e+03
+4.799340e+03	+1.051073e+04	+7.085438e+03
+4.743872e+03	+1.051873e+04	+7.067802e+03
+4.702002e+03	+1.052543e+04	+7.083120e+03
+5.807819e+03	+1.027627e+04	+7.591546e+03
+5.804986e+03	+1.029593e+04	+7.561364e+03
+5.839344e+03	+1.022731e+04	+7.600970e+03
+4.035106e+03	+4.992891e+03	+7.006348e+03
+3.954299e+03	+5.023085e+03	+6.972311e+03
+3.931872e+03	+5.030935e+03	+7.003083e+03
+5.248656e+03	+4.799570e+03	+7.681653e+03
+5.222638e+03	+4.797108e+03	+7.721475e+03
+5.302248e+03	+4.818402e+03	+7.780768e+03
+6.338162e+03	+7.307632e+03	+3.045182e+03
+6.332732e+03	+7.304717e+03	+3.030452e+03
+6.271873e+03	+7.285681e+03	+3.017426e+03
+7.511078e+03	+7.000465e+03	+3.623229e+03
+7.622407e+03	+7.009963e+03	+3.526454e+03
+7.631386e+03	+7.037528e+03	+3.575322e+03
+6.921490e+03	+8.168736e+03	+3.092543e+03
+6.921440e+03	+8.132287e+03	+3.049994e+03
+6.870424e+03	+8.158198e+03	+2.982080e+03
+8.202839e+03	+8.061866e+03	+3.653104e+03
+8.227682e+03	+8.079398e+03	+3.649620e+03
+8.257527e+03	+8.077009e+03	+3.770415e+03
+6.326901e+03	+1.074443e+04	+4.307279e+03
+6.326972e+03	+1.073517e+04	+4.245160e+03
+6.266015e+03	+1.072264e+04	+4.224718e+03
+7.760325e+03	+1.073467e+04	+4.613597e+03
+7.797819e+03	+1.073736e+04	+4.604766e+03
+7.814666e+03	+1.073575e+04	+4.602429e+03
+5.748537e+03	+2.800762e+03	+6.392638e+03
+5.789420e+03	+2.812036e+03	+6.450891e+03
+5.845460e+03	+2.805567e+03	+6.520233e+03
+4.360824e+03	+2.834678e+03	+6.875197e+03
+4.293534e+03	+2.828965e+03	+6.872398e+03
+4.270201e+03	+2.836885e+03	+6.923021e+03
+7.441559e+03	+4.387860e+03	+4.302003e+03
+7.504406e+03	+4.345460e+03	+4.212004e+03
+7.534456e+03	+4.374906e+03	+4.242452e+03
+6.356069e+03	+4.644575e+03	+3.507435e+03
+6.339577e+03	+4.642967e+03	+3.439714e+03
+6.284537e+03	+4.665751e+03	+3.381999e+03
+4.876182e+03	+8.756088e+03	+7.500565e+03
+4.868058e+03	+8.734551e+03	+7.482350e+03
+4.911606e+03	+8.714489e+03	+7.553236e+03
+3.804462e+03	+8.547770e+03	+7.152389e+03
+3.738902e+03	+8.578907e+03	+7.144663e+03
+3.724950e+03	+8.593521e+03	+7.148745e+03
+5.784988e+03	+1.892206e+03	+5.477609e+03
+5.742470e+03	+1.880580e+03	+5.478246e+03
+5.717263e+03	+1.875155e+03	+5.489819e+03
+7.227006e+03	+1.975115e+03	+6.122555e+03
+7.226086e+03	+2.009847e+03	+6.211453e+03
+7.288131e+03	+1.993221e+03	+6.189273e+03
+8.638224e+03	+7.319383e+03	+6.702284e+03
+8.671376e+03	+7.273710e+03	+6.708265e+03
+8.747930e+03	+7.271026e+03	+6.741567e+03
+7.394886e+03	+7.453925e+03	+6.206524e+03
+7.383389e+03	+7.433243e+03	+6.258614e+03
+7.343476e+03	+7.416909e+03	+6.222234e+03
+4.719973e+03	+9.349777e+03	+4.471724e+03
+4.682512e+03	+9.308909e+03	+4.491600e+03
+4.662688e+03	+9.343161e+03	+4.385808e+03
+6.105835e+03	+9.439372e+03	+5.033931e+03
+6.103949e+03	+9.389042e+03	+5.030886e+03
+6.154738e+03	+9.432528e+03	+5.045919e+03
+8.560539e+03	+6.047666e+03	+5.887613e+03
+8.587079e+03	+6.060887e+03	+5.939039e+03
+8.632897e+03	+6.038947e+03	+5.923544e+03
+7.126808e+03	+6.162074e+03	+5.445367e+03
+7.130910e+03	+6.174689e+03	+5.462588e+03
+7.045575e+03	+6.164841e+03	+5.301745e+03
+8.310033e+03	+9.343865e+03	+4.037916e+03
+8.399651e+03	+9.368197e+03	+3.988827e+03
+8.441715e+03	+9.384341e+03	+4.015939e+03
+6.546433e+03	+9.347621e+03	+3.879996e+03
+6.544617e+03	+9.418454e+03	+3.872191e+03
+6.491986e+03	+9.375369e+03	+3.876333e+03
+7.042859e+03	+8.620059e+03	+5.274351e+03
+7.087451e+03	+8.624937e+03	+5.250291e+03
+7.118945e+03	+8.626749e+03	+5.291266e+03
+5.584989e+03	+8.774918e+03	+5.733464e+03
+5.534357e+03	+8.765261e+03	+5.712430e+03
+5.537296e+03	+8.792841e+03	+5.624131e+03
+5.600824e+03	+8.801767e+03	+3.232453e+03
+5.557384e+03	+8.794197e+03	+3.275290e+03
+5.482180e+03	+8.837511e+03	+3.263098e+03
+6.615230e+03	+8.873325e+03	+3.193767e+03
+6.666970e+03	+8.853340e+03	+3.168987e+03
+6.701544e+03	+8.823179e+03	+3.140857e+03
+5.386223e+03	+1.026331e+04	+5.935699e+03
+5.354953e+03	+1.028231e+04	+5.910797e+03
+5.301487e+03	+1.030439e+04	+5.918721e+03
+6.142083e+03	+9.908825e+03	+6.526654e+03
+6.138030e+03	+9.905309e+03	+6.633275e+03
+6.207656e+03	+9.926131e+03	+6.641689e+03
+6.900868e+03	+6.722963e+03	+4.202551e+03
+6.954269e+03	+6.708232e+03	+4.203113e+03
+6.980227e+03	+6.703622e+03	+4.223226e+03
+5.617697e+03	+6.836611e+03	+4.055753e+03
+5.584092e+03	+6.858592e+03	+4.009390e+03
+5.521381e+03	+6.854496e+03	+4.097185e+03
+4.591907e+03	+4.568721e+03	+6.396631e+03
+4.540069e+03	+4.565356e+03	+6.378550e+03
+4.520179e+03	+4.563853e+03	+6.368606e+03
+5.661669e+03	+4.525075e+03	+6.863908e+03
+5.677433e+03	+4.563512e+03	+6.949003e+03
+5.729190e+03	+4.574781e+03	+7.022325e+03
+5.928770e+03	+6.696016e+03	+2.983703e+03
+5.907577e+03	+6.721983e+03	+2.998575e+03
+5.847182e+03	+6.711284e+03	+2.921302e+03
+7.238056e+03	+6.430593e+03	+3.494982e+03
+7.276461e+03	+6.379970e+03	+3.490693e+03
+7.309190e+03	+6.392983e+03	+3.463428e+03
+5.617150e+03	+7.104968e+03	+7.485076e+03
+5.655166e+03	+7.074964e+03	+7.401817e+03
+5.702601e+03	+7.051601e+03	+7.486963e+03
+4.595263e+03	+7.176606e+03	+6.857734e+03
+4.520015e+03	+7.194159e+03	+6.878939e+03
+4.454037e+03	+7.131800e+03	+6.763522e+03
+1.351861e+04	+5.953575e+03	+4.908449e+03
+1.351224e+04	+6.007885e+03	+4.870708e+03
+1.351166e+04	+6.019517e+03	+4.893431e+03
+1.386909e+04	+4.797932e+03	+5.252932e+03
+1.391387e+04	+4.775503e+03	+5.252180e+03
+1.390631e+04	+4.748073e+03	+5.325327e+03
+1.061552e+04	+4.195474e+03	+6.652561e+03
+1.056512e+04	+4.227910e+03	+6.668544e+03
+1.057342e+04	+4.250416e+03	+6.668582e+03
+1.105847e+04	+3.194694e+03	+6.585048e+03
+1.103323e+04	+3.134632e+03	+6.562568e+03
+1.103196e+04	+3.095694e+03	+6.569893e+03
+1.229204e+04	+4.373119e+03	+4.789076e+03
+1.229234e+04	+4.340154e+03	+4.797363e+03
+1.228066e+04	+4.301589e+03	+4.810023e+03
+1.214237e+04	+5.561411e+03	+4.584060e+03
+1.216922e+04	+5.608618e+03	+4.525150e+03
+1.214059e+04	+5.636790e+03	+4.532247e+03
+6.263953e+03	+3.878695e+03	+5.736911e+03
+6.275932e+03	+3.843162e+03	+5.737595e+03
+6.275328e+03	+3.813721e+03	+5.760089e+03
+6.155285e+03	+5.198492e+03	+5.328455e+03
+6.130545e+03	+5.245239e+03	+5.327252e+03
+6.167975e+03	+5.291127e+03	+5.399954e+03
+5.914530e+03	+4.315880e+03	+6.785680e+03
+5.885532e+03	+4.294439e+03	+6.893120e+03
+5.996647e+03	+4.244651e+03	+6.866078e+03
+5.969549e+03	+6.113390e+03	+6.451083e+03
+5.951239e+03	+6.151428e+03	+6.443134e+03
+5.940414e+03	+6.190274e+03	+6.403239e+03
+7.889853e+03	+3.497614e+03	+5.956500e+03
+7.893097e+03	+3.452698e+03	+5.969552e+03
+7.922991e+03	+3.422839e+03	+5.942960e+03
+7.345696e+03	+4.747328e+03	+5.435884e+03
+7.337754e+03	+4.767131e+03	+5.407477e+03
+7.354505e+03	+4.830393e+03	+5.405557e+03
+1.427642e+04	+6.026930e+03	+5.168109e+03
+1.427305e+04	+6.065466e+03	+5.155139e+03
+1.423462e+04	+6.072639e+03	+5.180292e+03
+1.469204e+04	+4.643491e+03	+5.550842e+03
+1.471674e+04	+4.619549e+03	+5.503559e+03
+1.469642e+04	+4.580274e+03	+5.574599e+03
+6.658072e+03	+4.774311e+03	+3.882662e+03
+6.722891e+03	+4.847671e+03	+3.845464e+03
+6.716459e+03	+4.866901e+03	+3.851377e+03
+6.645041e+03	+3.335335e+03	+3.957608e+03
+6.663081e+03	+3.327187e+03	+4.018089e+03
+6.635799e+03	+3.308497e+03	+4.014145e+03
+8.319104e+03	+5.830311e+03	+7.230385e+03
+8.309703e+03	+5.873751e+03	+7.262409e+03
+8.278828e+03	+5.899057e+03	+7.197589e+03
+8.771061e+03	+5.184420e+03	+7.092301e+03
+8.731953e+03	+5.207759e+03	+7.104556e+03
+8.704301e+03	+5.218919e+03	+7.034866e+03
+8.826527e+03	+3.129143e+03	+2.491711e+03
+8.863747e+03	+3.185325e+03	+2.486660e+03
+8.846025e+03	+3.265968e+03	+2.552790e+03
+9.152546e+03	+1.999773e+03	+3.136428e+03
+9.267432e+03	+1.977337e+03	+3.143863e+03
+9.257291e+03	+1.958872e+03	+3.148939e+03
+6.226246e+03	+3.764212e+03	+2.845356e+03
+6.235138e+03	+3.839161e+03	+2.811743e+03
+6.215943e+03	+3.856755e+03	+2.792752e+03
+6.424706e+03	+3.053507e+03	+2.801962e+03
+6.453156e+03	+3.104710e+03	+2.750108e+03
+6.448206e+03	+3.133194e+03	+2.758353e+03
+6.391073e+03	+2.466866e+03	+3.578947e+03
+6.397622e+03	+2.423094e+03	+3.630156e+03
+6.443406e+03	+2.449531e+03	+3.626683e+03
+6.732508e+03	+1.691301e+03	+3.454544e+03
+6.736321e+03	+1.639891e+03	+3.479507e+03
+6.729687e+03	+1.621886e+03	+3.505727e+03
+1.259316e+04	+6.750851e+03	+5.394291e+03
+1.258176e+04	+6.799152e+03	+5.314433e+03
+1.256214e+04	+6.829611e+03	+5.277004e+03
+1.323218e+04	+5.238236e+03	+5.798248e+03
+1.325339e+04	+5.267578e+03	+5.902764e+03
+1.331085e+04	+5.174408e+03	+5.821358e+03
+1.070019e+04	+6.109902e+03	+7.823371e+03
+1.069505e+04	+6.124148e+03	+7.779111e+03
+1.067224e+04	+6.163816e+03	+7.812318e+03
+1.097810e+04	+4.657572e+03	+8.216515e+03
+1.095812e+04	+4.593349e+03	+8.225930e+03
+1.092341e+04	+4.579960e+03	+8.182689e+03
+1.122614e+04	+4.571224e+03	+6.806909e+03
+1.115345e+04	+4.581159e+03	+6.877068e+03
+1.118753e+04	+4.602260e+03	+6.801429e+03
+1.180674e+04	+3.265130e+03	+7.166648e+03
+1.178655e+04	+3.209239e+03	+7.224595e+03
+1.181231e+04	+3.186482e+03	+7.211459e+03
+1.194567e+04	+4.983956e+03	+5.387430e+03
+1.192542e+04	+5.018983e+03	+5.352329e+03
+1.194640e+04	+5.046921e+03	+5.308621e+03
+1.221279e+04	+3.532838e+03	+5.696805e+03
+1.221607e+04	+3.450733e+03	+5.662068e+03
+1.222514e+04	+3.426054e+03	+5.693364e+03
+1.193243e+04	+4.917227e+03	+7.222734e+03
+1.186810e+04	+4.937620e+03	+7.273710e+03
+1.185744e+04	+4.966385e+03	+7.228664e+03
+1.230381e+04	+3.660147e+03	+7.686748e+03
+1.225415e+04	+3.583203e+03	+7.667699e+03
+1.229868e+04	+3.556297e+03	+7.666189e+03
+8.968085e+03	+3.915365e+03	+7.637651e+03
+8.933616e+03	+3.860171e+03	+7.620379e+03
+8.937782e+03	+3.823431e+03	+7.616361e+03
+8.537426e+03	+4.635719e+03	+8.046268e+03
+8.556267e+03	+4.577851e+03	+8.000496e+03
+8.545861e+03	+4.554616e+03	+8.095952e+03
+1.073872e+04	+3.202813e+03	+3.150988e+03
+1.080301e+04	+3.165972e+03	+3.159683e+03
+1.076193e+04	+3.140119e+03	+3.184719e+03
+1.002417e+04	+4.717933e+03	+2.741750e+03
+1.003402e+04	+4.757258e+03	+2.727688e+03
+9.998769e+03	+4.758181e+03	+2.718230e+03
+5.119606e+03	+2.829539e+03	+7.148060e+03
+5.092982e+03	+2.806368e+03	+7.092759e+03
+5.094925e+03	+2.835243e+03	+7.064303e+03
+4.632752e+03	+3.396431e+03	+7.180256e+03
+4.599660e+03	+3.390607e+03	+7.167309e+03
+4.573121e+03	+3.387485e+03	+7.122426e+03
+6.830608e+03	+4.366688e+03	+6.628774e+03
+6.857002e+03	+4.350281e+03	+6.718036e+03
+6.895504e+03	+4.373145e+03	+6.703890e+03
+5.748366e+03	+4.839470e+03	+5.962197e+03
+5.725593e+03	+4.839069e+03	+5.999137e+03
+5.705431e+03	+4.849883e+03	+5.909531e+03
+5.118639e+03	+1.235862e+04	+5.448408e+03
+5.081692e+03	+1.238999e+04	+5.418403e+03
+5.043137e+03	+1.230995e+04	+5.439848e+03
+6.203876e+03	+1.281107e+04	+5.659312e+03
+6.245667e+03	+1.285905e+04	+5.666390e+03
+6.279780e+03	+1.286550e+04	+5.622577e+03
+4.543864e+03	+1.179585e+04	+7.112427e+03
+4.515182e+03	+1.179946e+04	+7.110039e+03
+4.457400e+03	+1.175869e+04	+7.072191e+03
+5.844828e+03	+1.187051e+04	+7.957712e+03
+5.886697e+03	+1.189228e+04	+8.024324e+03
+5.922628e+03	+1.187281e+04	+8.051386e+03
+4.872657e+03	+3.782312e+03	+8.552546e+03
+4.885013e+03	+3.762436e+03	+8.540262e+03
+4.915576e+03	+3.776858e+03	+8.547733e+03
+3.585164e+03	+3.883972e+03	+7.995189e+03
+3.534363e+03	+3.885832e+03	+7.968175e+03
+3.562098e+03	+3.984104e+03	+7.976906e+03
+5.245044e+03	+1.109065e+04	+8.496718e+03
+5.279498e+03	+1.107136e+04	+8.506375e+03
+5.305646e+03	+1.107209e+04	+8.548680e+03
+3.967081e+03	+1.093222e+04	+8.046342e+03
+3.975359e+03	+1.094005e+04	+8.019908e+03
+3.921529e+03	+1.093865e+04	+7.973725e+03
+5.203778e+03	+1.039413e+04	+6.992064e+03
+5.240283e+03	+1.041156e+04	+7.047506e+03
+5.275656e+03	+1.043605e+04	+7.016776e+03
+3.799490e+03	+1.017149e+04	+6.506529e+03
+3.740906e+03	+1.015289e+04	+6.494359e+03
+3.728847e+03	+1.014917e+04	+6.465445e+03
+5.879841e+03	+3.525445e+03	+5.595042e+03
+5.825687e+03	+3.540232e+03	+5.523410e+03
+5.808736e+03	+3.529945e+03	+5.500399e+03
+7.167459e+03	+3.451958e+03	+6.064331e+03
+7.220414e+03	+3.453493e+03	+6.070105e+03
+7.243304e+03	+3.454807e+03	+6.065605e+03
+5.190549e+03	+9.676975e+03	+6.012655e+03
+5.158287e+03	+9.631042e+03	+5.987650e+03
+5.148352e+03	+9.629321e+03	+5.987943e+03
+6.080029e+03	+1.000177e+04	+6.402621e+03
+6.122207e+03	+1.003457e+04	+6.539751e+03
+6.170590e+03	+1.004616e+04	+6.516424e+03
+6.680607e+03	+3.748118e+03	+5.122039e+03
+6.659629e+03	+3.717772e+03	+5.033929e+03
+6.644270e+03	+3.683579e+03	+5.154542e+03
+8.020231e+03	+4.338344e+03	+4.963352e+03
+8.075195e+03	+4.354802e+03	+4.944958e+03
+8.118198e+03	+4.377710e+03	+4.984788e+03
+7.087373e+03	+6.419288e+03	+6.907397e+03
+7.124997e+03	+6.417265e+03	+6.966783e+03
+7.162956e+03	+6.412227e+03	+6.934334e+03
+5.967761e+03	+6.328809e+03	+6.732762e+03
+5.938831e+03	+6.324113e+03	+6.709796e+03
+5.880898e+03	+6.328586e+03	+6.740220e+03
+7.260814e+03	+7.706231e+03	+4.673148e+03
+7.301945e+03	+7.772690e+03	+4.629892e+03
+7.340582e+03	+7.764580e+03	+4.712734e+03
+5.998893e+03	+7.288093e+03	+4.372837e+03
+5.961223e+03	+7.305311e+03	+4.311192e+03
+5.949505e+03	+7.291494e+03	+4.295336e+03
+6.371926e+03	+6.915793e+03	+7.993319e+03
+6.417664e+03	+6.919901e+03	+8.009447e+03
+6.452196e+03	+6.957442e+03	+8.017389e+03
+5.265647e+03	+7.046397e+03	+7.693276e+03
+5.208532e+03	+7.032272e+03	+7.677279e+03
+5.189658e+03	+7.046858e+03	+7.572437e+03
+5.878685e+03	+8.274230e+03	+3.937652e+03
+5.832412e+03	+8.301599e+03	+3.959955e+03
+5.811199e+03	+8.260329e+03	+3.956726e+03
+7.335707e+03	+8.780238e+03	+3.981882e+03
+7.387990e+03	+8.768242e+03	+3.974784e+03
+7.428391e+03	+8.771850e+03	+4.031829e+03
+5.498959e+03	+8.611290e+03	+5.267841e+03
+5.493074e+03	+8.570088e+03	+5.300102e+03
+5.555541e+03	+8.592077e+03	+5.291569e+03
+4.194367e+03	+8.188544e+03	+5.262527e+03
+4.162355e+03	+8.192359e+03	+5.252005e+03
+4.132856e+03	+8.181052e+03	+5.251277e+03
+6.647146e+03	+1.161643e+04	+7.355405e+03
+6.698688e+03	+1.159913e+04	+7.429482e+03
+6.723733e+03	+1.158315e+04	+7.410151e+03
+5.283784e+03	+1.162249e+04	+6.681685e+03
+5.263687e+03	+1.159789e+04	+6.680709e+03
+5.185092e+03	+1.158969e+04	+6.640970e+03
+3.691498e+03	+9.307973e+03	+8.127654e+03
+3.640144e+03	+9.288893e+03	+8.122743e+03
+3.629899e+03	+9.248773e+03	+8.132938e+03
+5.051805e+03	+9.823243e+03	+8.609827e+03
+5.088139e+03	+9.833306e+03	+8.581607e+03
+5.117796e+03	+9.803536e+03	+8.626706e+03
+4.184275e+03	+8.872329e+03	+8.705471e+03
+4.170589e+03	+8.832520e+03	+8.707539e+03
+4.092186e+03	+8.836111e+03	+8.714680e+03
+5.682130e+03	+9.028247e+03	+9.138746e+03
+5.715810e+03	+8.998714e+03	+9.155578e+03
+5.722324e+03	+9.045513e+03	+9.166318e+03
+3.798514e+03	+5.780705e+03	+7.609122e+03
+3.757807e+03	+5.813504e+03	+7.573689e+03
+3.720240e+03	+5.801247e+03	+7.538458e+03
+5.153978e+03	+5.791994e+03	+8.447865e+03
+5.206814e+03	+5.795134e+03	+8.505016e+03
+5.226129e+03	+5.824187e+03	+8.531698e+03
+7.355688e+03	+5.128294e+03	+3.931461e+03
+7.413709e+03	+5.126285e+03	+3.878351e+03
+7.461915e+03	+5.160518e+03	+3.891529e+03
+6.246258e+03	+4.993563e+03	+3.930717e+03
+6.183993e+03	+5.034846e+03	+3.872160e+03
+6.209361e+03	+5.032751e+03	+3.903932e+03
+6.922860e+03	+6.936892e+03	+3.653765e+03
+6.878187e+03	+6.931821e+03	+3.671602e+03
+6.845131e+03	+6.916939e+03	+3.625818e+03
+8.100869e+03	+7.102250e+03	+3.674290e+03
+8.144953e+03	+7.135761e+03	+3.693744e+03
+8.173610e+03	+7.147003e+03	+3.705812e+03
+5.541354e+03	+8.011271e+03	+7.356929e+03
+5.510243e+03	+8.027709e+03	+7.369044e+03
+5.450441e+03	+7.988866e+03	+7.333237e+03
+6.781617e+03	+7.892669e+03	+8.083567e+03
+6.824898e+03	+7.943745e+03	+8.066948e+03
+6.874565e+03	+7.917427e+03	+8.090905e+03
+5.029985e+03	+8.109276e+03	+8.632063e+03
+4.994599e+03	+8.104912e+03	+8.607302e+03
+4.937512e+03	+8.106251e+03	+8.615323e+03
+5.997473e+03	+7.927949e+03	+9.024382e+03
+6.035963e+03	+7.867528e+03	+9.070000e+03
+6.025030e+03	+7.839359e+03	+9.173034e+03
+3.830325e+03	+6.776931e+03	+8.460718e+03
+3.796646e+03	+6.756393e+03	+8.436032e+03
+3.731878e+03	+6.750581e+03	+8.420280e+03
+5.016087e+03	+6.874245e+03	+8.996369e+03
+5.035041e+03	+6.846152e+03	+9.003685e+03
+5.064894e+03	+6.891675e+03	+9.038494e+03
+5.817333e+03	+6.306676e+03	+2.764919e+03
+5.829520e+03	+6.356997e+03	+2.697086e+03
+5.772513e+03	+6.392610e+03	+2.771815e+03
+7.134589e+03	+5.722740e+03	+2.668310e+03
+7.099376e+03	+5.776276e+03	+2.553034e+03
+7.061325e+03	+5.800900e+03	+2.547966e+03
+8.698132e+03	+7.022898e+03	+4.608994e+03
+8.734386e+03	+6.998077e+03	+4.617473e+03
+8.697716e+03	+6.914607e+03	+4.634735e+03
+9.269583e+03	+6.502741e+03	+4.052895e+03
+9.300554e+03	+6.458449e+03	+4.116334e+03
+9.301358e+03	+6.405442e+03	+4.134607e+03
+4.690319e+03	+6.122185e+03	+5.862657e+03
+4.651356e+03	+6.141395e+03	+5.708713e+03
+4.670521e+03	+6.179140e+03	+5.785296e+03
+6.147808e+03	+5.185619e+03	+5.815421e+03
+6.125356e+03	+5.172830e+03	+5.915022e+03
+6.114894e+03	+5.258648e+03	+5.820639e+03
+4.202979e+03	+5.670025e+03	+4.034456e+03
+4.229000e+03	+5.709350e+03	+3.938374e+03
+4.215005e+03	+5.732705e+03	+3.959829e+03
+4.740794e+03	+4.775798e+03	+4.187085e+03
+4.808440e+03	+4.785753e+03	+4.124723e+03
+4.794157e+03	+4.760983e+03	+4.206941e+03
+4.187524e+03	+5.737125e+03	+6.184853e+03
+4.127578e+03	+5.726294e+03	+6.203065e+03
+4.118406e+03	+5.762922e+03	+6.143975e+03
+5.041113e+03	+4.415868e+03	+6.596187e+03
+5.035990e+03	+4.396429e+03	+6.690464e+03
+5.093784e+03	+4.388602e+03	+6.638551e+03
+3.733296e+03	+6.023479e+03	+6.792976e+03
+3.693466e+03	+6.013360e+03	+6.922479e+03
+3.744278e+03	+5.981171e+03	+6.812868e+03
+3.229789e+03	+6.801195e+03	+6.672538e+03
+3.204411e+03	+6.817867e+03	+6.630925e+03
+3.222180e+03	+6.841921e+03	+6.584246e+03
+1.063883e+04	+9.458776e+03	+4.913347e+03
+1.063729e+04	+9.495853e+03	+4.836361e+03
+1.058933e+04	+9.498805e+03	+4.931534e+03
+1.116616e+04	+8.500374e+03	+5.095700e+03
+1.117013e+04	+8.504951e+03	+5.011149e+03
+1.116626e+04	+8.455501e+03	+5.004217e+03
+6.886638e+03	+8.302295e+03	+6.469658e+03
+6.888494e+03	+8.354126e+03	+6.489074e+03
+6.869565e+03	+8.383812e+03	+6.426597e+03
+7.409948e+03	+7.408619e+03	+6.734534e+03
+7.415931e+03	+7.365784e+03	+6.759579e+03
+7.454051e+03	+7.342147e+03	+6.717585e+03
+9.928524e+03	+9.731733e+03	+4.093116e+03
+9.963578e+03	+9.736015e+03	+4.100027e+03
+9.944446e+03	+9.659539e+03	+4.021535e+03
+8.974273e+03	+1.073867e+04	+3.863033e+03
+8.962635e+03	+1.073638e+04	+3.833577e+03
+8.931200e+03	+1.071694e+04	+3.826059e+03
+5.055969e+03	+7.682676e+03	+4.414254e+03
+5.055424e+03	+7.744119e+03	+4.407760e+03
+5.022882e+03	+7.775606e+03	+4.466223e+03
+4.273834e+03	+8.683572e+03	+5.303712e+03
+4.282206e+03	+8.721183e+03	+5.309875e+03
+4.258083e+03	+8.738836e+03	+5.327137e+03
+8.766159e+03	+8.862139e+03	+5.754595e+03
+8.749390e+03	+8.909998e+03	+5.727620e+03
+8.778630e+03	+8.955096e+03	+5.740496e+03
+9.149034e+03	+7.394185e+03	+6.146962e+03
+9.170756e+03	+7.318159e+03	+6.224774e+03
+9.168880e+03	+7.292997e+03	+6.236858e+03
+6.894211e+03	+6.567545e+03	+4.885688e+03
+6.936204e+03	+6.543964e+03	+4.849522e+03
+6.925864e+03	+6.492863e+03	+4.925340e+03
+5.526834e+03	+7.015278e+03	+4.025412e+03
+5.525075e+03	+7.040032e+03	+3.976460e+03
+5.491288e+03	+7.007880e+03	+3.914797e+03
+9.037742e+03	+8.415541e+03	+8.293857e+03
+9.017454e+03	+8.347981e+03	+8.282094e+03
+9.058491e+03	+8.345193e+03	+8.248952e+03
+8.490667e+03	+9.367809e+03	+8.041316e+03
+8.433132e+03	+9.390656e+03	+8.047913e+03
+8.430080e+03	+9.433454e+03	+8.052196e+03
+8.774255e+03	+5.719076e+03	+3.249283e+03
+8.796967e+03	+5.710495e+03	+3.257697e+03
+8.808479e+03	+5.678473e+03	+3.414667e+03
+8.094424e+03	+6.460642e+03	+2.732171e+03
+8.078447e+03	+6.466728e+03	+2.726509e+03
+8.054927e+03	+6.509995e+03	+2.763323e+03
+5.465695e+03	+6.376662e+03	+4.879475e+03
+5.480967e+03	+6.366680e+03	+4.868468e+03
+5.487513e+03	+6.317092e+03	+4.951643e+03
+6.130570e+03	+5.955055e+03	+4.601097e+03
+6.156923e+03	+5.942284e+03	+4.591238e+03
+6.189600e+03	+5.927140e+03	+4.657834e+03
+5.993544e+03	+5.856277e+03	+6.102139e+03
+6.000762e+03	+5.820427e+03	+6.167624e+03
+6.043104e+03	+5.798007e+03	+6.101291e+03
+5.624791e+03	+6.844468e+03	+5.868832e+03
+5.615143e+03	+6.869039e+03	+5.833834e+03
+5.595646e+03	+6.898541e+03	+5.804731e+03
+5.183960e+03	+7.185030e+03	+6.916914e+03
+5.180632e+03	+7.246389e+03	+7.034830e+03
+5.145570e+03	+7.300226e+03	+6.980974e+03
+5.765646e+03	+6.399257e+03	+6.988051e+03
+5.774257e+03	+6.346692e+03	+7.062693e+03
+5.803845e+03	+6.317215e+03	+7.007799e+03
+5.762936e+03	+7.118487e+03	+8.154103e+03
+5.745424e+03	+7.075568e+03	+8.233855e+03
+5.830725e+03	+7.088854e+03	+8.151846e+03
+4.977450e+03	+7.998554e+03	+7.663308e+03
+4.933194e+03	+8.007908e+03	+7.687915e+03
+4.908869e+03	+8.024748e+03	+7.658976e+03
+7.279385e+03	+7.750645e+03	+7.646723e+03
+7.219915e+03	+7.772752e+03	+7.730364e+03
+7.218611e+03	+7.799343e+03	+7.699703e+03
+7.950590e+03	+6.521565e+03	+8.119321e+03
+7.933160e+03	+6.460486e+03	+8.096720e+03
+7.976266e+03	+6.469239e+03	+8.077817e+03
+7.192317e+03	+3.999103e+03	+4.045570e+03
+7.255923e+03	+3.970746e+03	+4.006226e+03
+7.248018e+03	+3.984990e+03	+4.065237e+03
+7.664375e+03	+4.634198e+03	+3.268154e+03
+7.733167e+03	+4.616099e+03	+3.240167e+03
+7.745658e+03	+4.602390e+03	+3.294783e+03
+7.663136e+03	+1.144814e+04	+5.328599e+03
+7.643116e+03	+1.145351e+04	+5.265035e+03
+7.619222e+03	+1.141209e+04	+5.298780e+03
+8.891940e+03	+1.134582e+04	+5.484436e+03
+8.910573e+03	+1.136629e+04	+5.507567e+03
+8.937675e+03	+1.132059e+04	+5.537062e+03
+6.355780e+03	+7.100518e+03	+5.038877e+03
+6.381295e+03	+7.080551e+03	+5.007582e+03
+6.429276e+03	+7.097714e+03	+5.038947e+03
+4.497050e+03	+6.877401e+03	+5.385067e+03
+4.478740e+03	+6.868701e+03	+5.339505e+03
+4.440288e+03	+6.842309e+03	+5.313041e+03
+7.204544e+03	+9.740791e+03	+7.919297e+03
+7.214302e+03	+9.742360e+03	+7.922930e+03
+7.238982e+03	+9.734021e+03	+7.927737e+03
+6.031205e+03	+9.449608e+03	+7.997024e+03
+5.996995e+03	+9.431505e+03	+8.022646e+03
+5.943548e+03	+9.427723e+03	+8.057355e+03
+6.520469e+03	+1.052735e+04	+5.377684e+03
+6.499237e+03	+1.052902e+04	+5.273639e+03
+6.453260e+03	+1.049184e+04	+5.313925e+03
+8.072473e+03	+1.074385e+04	+5.600599e+03
+8.113852e+03	+1.070973e+04	+5.543755e+03
+8.143772e+03	+1.073098e+04	+5.569422e+03
+7.788752e+03	+5.342462e+03	+6.351844e+03
+7.778936e+03	+5.363251e+03	+6.330041e+03
+7.800560e+03	+5.376847e+03	+6.321759e+03
+6.463753e+03	+5.148013e+03	+6.112271e+03
+6.432722e+03	+5.137608e+03	+6.098420e+03
+6.385990e+03	+5.133278e+03	+6.132607e+03
+9.512812e+03	+4.734461e+03	+7.648621e+03
+9.513101e+03	+4.734543e+03	+7.760720e+03
+9.510683e+03	+4.762078e+03	+7.633910e+03
+1.038092e+04	+5.329440e+03	+7.623885e+03
+1.037845e+04	+5.389160e+03	+7.718364e+03
+1.042544e+04	+5.371641e+03	+7.652037e+03
+9.521024e+03	+1.039753e+04	+6.608715e+03
+9.558995e+03	+1.036894e+04	+6.665980e+03
+9.596185e+03	+1.036151e+04	+6.683856e+03
+7.471556e+03	+1.044263e+04	+6.283670e+03
+7.509169e+03	+1.041882e+04	+6.241960e+03
+7.471387e+03	+1.046331e+04	+6.250773e+03
+6.323186e+03	+3.115031e+03	+5.678585e+03
+6.327078e+03	+3.120418e+03	+5.643063e+03
+6.323300e+03	+3.171292e+03	+5.650894e+03
+4.997584e+03	+3.478180e+03	+6.132440e+03
+5.020604e+03	+3.503803e+03	+6.184251e+03
+4.988091e+03	+3.517171e+03	+6.227169e+03
+8.535353e+03	+3.576244e+03	+6.307609e+03
+8.518362e+03	+3.619115e+03	+6.385751e+03
+8.554813e+03	+3.619572e+03	+6.308381e+03
+1.040199e+04	+3.534012e+03	+6.845339e+03
+1.042669e+04	+3.559108e+03	+6.782360e+03
+1.044228e+04	+3.522757e+03	+6.865569e+03
+5.891551e+03	+6.015250e+03	+7.383598e+03
+5.858463e+03	+5.950747e+03	+7.384617e+03
+5.842540e+03	+5.981037e+03	+7.390474e+03
+7.255887e+03	+5.380371e+03	+7.280995e+03
+7.220284e+03	+5.379936e+03	+7.310966e+03
+7.233668e+03	+5.389349e+03	+7.215454e+03
+9.270083e+03	+7.740198e+03	+5.897675e+03
+9.281654e+03	+7.806811e+03	+5.937157e+03
+9.308056e+03	+7.782251e+03	+5.814023e+03
+8.660076e+03	+7.126128e+03	+6.096416e+03
+8.629930e+03	+7.111627e+03	+6.139089e+03
+8.638031e+03	+7.107165e+03	+6.101281e+03
+7.173009e+03	+9.817054e+03	+4.476178e+03
+7.199549e+03	+9.869831e+03	+4.475785e+03
+7.251843e+03	+9.881413e+03	+4.542011e+03
+5.803694e+03	+9.206107e+03	+4.481177e+03
+5.788787e+03	+9.217916e+03	+4.482393e+03
+5.772230e+03	+9.176760e+03	+4.533293e+03
+7.304251e+03	+7.562194e+03	+4.084025e+03
+7.314687e+03	+7.637106e+03	+4.049449e+03
+7.317040e+03	+7.615884e+03	+4.098680e+03
+6.683719e+03	+6.239787e+03	+3.873369e+03
+6.728717e+03	+6.242879e+03	+3.793729e+03
+6.729179e+03	+6.199956e+03	+3.770568e+03
+7.243394e+03	+7.034819e+03	+6.503979e+03
+7.211098e+03	+7.025315e+03	+6.583314e+03
+7.165988e+03	+6.998601e+03	+6.527340e+03
+6.050950e+03	+6.513677e+03	+6.617002e+03
+6.052445e+03	+6.448694e+03	+6.683724e+03
+6.034505e+03	+6.426704e+03	+6.664256e+03
+9.919551e+03	+6.410366e+03	+7.649698e+03
+9.979381e+03	+6.500089e+03	+7.742234e+03
+1.000946e+04	+6.514212e+03	+7.749658e+03
+9.391044e+03	+5.886546e+03	+8.221434e+03
+9.409151e+03	+5.912523e+03	+8.269104e+03
+9.446803e+03	+5.939384e+03	+8.336571e+03
+9.021816e+03	+5.896789e+03	+4.289342e+03
+9.002130e+03	+5.908265e+03	+4.266441e+03
+9.018470e+03	+5.884414e+03	+4.276313e+03
+8.053772e+03	+4.550285e+03	+4.470695e+03
+8.014160e+03	+4.528977e+03	+4.450001e+03
+7.996983e+03	+4.513004e+03	+4.462261e+03
+6.706264e+03	+6.482327e+03	+8.877674e+03
+6.744890e+03	+6.440205e+03	+8.847701e+03
+6.755376e+03	+6.514717e+03	+8.905234e+03
+6.072241e+03	+5.612208e+03	+8.443892e+03
+6.071622e+03	+5.539805e+03	+8.416540e+03
+6.080125e+03	+5.538534e+03	+8.359798e+03
+5.487213e+03	+7.956163e+03	+8.465723e+03
+5.511029e+03	+7.944013e+03	+8.543445e+03
+5.532638e+03	+7.990550e+03	+8.471140e+03
+4.670445e+03	+6.591391e+03	+8.256866e+03
+4.643216e+03	+6.525160e+03	+8.251760e+03
+4.641145e+03	+6.531825e+03	+8.231294e+03
+8.638982e+03	+6.331960e+03	+8.593376e+03
+8.630398e+03	+6.265877e+03	+8.584137e+03
+8.582297e+03	+6.263270e+03	+8.606114e+03
+9.533533e+03	+7.409220e+03	+8.764332e+03
+9.561013e+03	+7.407442e+03	+8.742588e+03
+9.565582e+03	+7.468261e+03	+8.737149e+03
+1.189627e+04	+4.998318e+03	+4.642965e+03
+1.192244e+04	+5.044718e+03	+4.620784e+03
+1.191277e+04	+5.064597e+03	+4.683748e+03
+1.113038e+04	+3.962941e+03	+4.180261e+03
+1.108527e+04	+3.963746e+03	+4.129284e+03
+1.108756e+04	+3.901014e+03	+4.069520e+03
+1.181713e+04	+4.491564e+03	+4.987851e+03
+1.181368e+04	+4.498573e+03	+4.968384e+03
+1.179994e+04	+4.544764e+03	+5.020891e+03
+1.076677e+04	+3.381065e+03	+4.890702e+03
+1.069935e+04	+3.361535e+03	+4.787591e+03
+1.064857e+04	+3.343825e+03	+4.803489e+03
+4.540767e+03	+1.036888e+04	+7.015991e+03
+4.505296e+03	+1.035619e+04	+6.962349e+03
+4.527420e+03	+1.032535e+04	+7.029752e+03
+5.230222e+03	+1.122280e+04	+6.544842e+03
+5.238625e+03	+1.129131e+04	+6.460651e+03
+5.300352e+03	+1.128530e+04	+6.476957e+03
+6.086039e+03	+9.096529e+03	+7.852039e+03
+6.082914e+03	+9.119428e+03	+7.826695e+03
+6.122396e+03	+9.156991e+03	+7.757038e+03
+8.037468e+03	+1.059489e+04	+8.225970e+03
+8.079104e+03	+1.062764e+04	+8.176516e+03
+8.087678e+03	+1.066222e+04	+8.113728e+03
+5.544146e+03	+8.981746e+03	+9.045345e+03
+5.484620e+03	+8.942235e+03	+9.128938e+03
+5.474646e+03	+8.925332e+03	+9.069609e+03
+5.980599e+03	+9.847604e+03	+8.650191e+03
+6.001411e+03	+9.883588e+03	+8.706269e+03
+6.017817e+03	+9.912489e+03	+8.629808e+03
+1.026192e+04	+9.019662e+03	+8.913653e+03
+1.028931e+04	+9.033286e+03	+8.865760e+03
+1.026518e+04	+9.063481e+03	+8.771044e+03
+9.529453e+03	+8.551947e+03	+9.214894e+03
+9.557395e+03	+8.563389e+03	+9.241148e+03
+9.550014e+03	+8.644856e+03	+9.174674e+03
+5.816518e+03	+9.331974e+03	+5.417460e+03
+5.835723e+03	+9.397061e+03	+5.340516e+03
+5.898731e+03	+9.367389e+03	+5.369165e+03
+4.938540e+03	+8.509747e+03	+6.039425e+03
+4.894351e+03	+8.441685e+03	+5.988010e+03
+4.907433e+03	+8.428526e+03	+6.079717e+03
+8.500763e+03	+5.423208e+03	+6.551571e+03
+8.462440e+03	+5.372378e+03	+6.558424e+03
+8.456186e+03	+5.326650e+03	+6.639380e+03
+7.698644e+03	+4.985182e+03	+6.395070e+03
+7.628983e+03	+5.023519e+03	+6.360547e+03
+7.627647e+03	+5.044385e+03	+6.421157e+03
+1.279312e+04	+6.232124e+03	+6.583296e+03
+1.283929e+04	+6.273092e+03	+6.456548e+03
+1.281059e+04	+6.322919e+03	+6.496939e+03
+1.248365e+04	+5.135157e+03	+7.288096e+03
+1.245697e+04	+5.125142e+03	+7.272287e+03
+1.242449e+04	+5.142445e+03	+7.370413e+03
+9.788319e+03	+5.187478e+03	+5.604081e+03
+9.767721e+03	+5.244170e+03	+5.512388e+03
+9.849935e+03	+5.262969e+03	+5.489167e+03
+9.584051e+03	+4.372151e+03	+6.348245e+03
+9.577506e+03	+4.355476e+03	+6.360493e+03
+9.645899e+03	+4.335974e+03	+6.458685e+03
+1.058847e+04	+4.906224e+03	+6.591509e+03
+1.058327e+04	+4.898057e+03	+6.587942e+03
+1.059772e+04	+4.893405e+03	+6.674986e+03
+1.102961e+04	+5.696874e+03	+7.286405e+03
+1.101119e+04	+5.696785e+03	+7.310896e+03
+1.096762e+04	+5.633758e+03	+7.308863e+03
+5.096838e+03	+1.186453e+04	+9.131059e+03
+5.152377e+03	+1.184793e+04	+9.239742e+03
+5.124701e+03	+1.181635e+04	+9.193112e+03
+6.162304e+03	+1.258332e+04	+8.385400e+03
+6.212207e+03	+1.261621e+04	+8.392593e+03
+6.247915e+03	+1.262606e+04	+8.336240e+03
+1.051739e+04	+5.752801e+03	+7.823512e+03
+1.052511e+04	+5.718589e+03	+7.864537e+03
+1.051089e+04	+5.674200e+03	+7.821718e+03
+1.141679e+04	+6.817162e+03	+8.065358e+03
+1.138482e+04	+6.847983e+03	+8.091996e+03
+1.136305e+04	+6.837384e+03	+8.163718e+03
+7.833351e+03	+7.490247e+03	+6.772563e+03
+7.828633e+03	+7.533587e+03	+6.634530e+03
+7.838293e+03	+7.596212e+03	+6.708639e+03
+7.381836e+03	+6.551709e+03	+7.519336e+03
+7.414849e+03	+6.534306e+03	+7.566096e+03
+7.418017e+03	+6.508317e+03	+7.599764e+03
+8.876238e+03	+7.185702e+03	+7.188432e+03
+8.868202e+03	+7.254770e+03	+7.166716e+03
+8.924462e+03	+7.225873e+03	+7.129313e+03
+9.876023e+03	+7.827779e+03	+7.902719e+03
+9.924716e+03	+7.856785e+03	+7.864165e+03
+9.937394e+03	+7.924222e+03	+7.819997e+03
+9.444895e+03	+7.450723e+03	+7.537887e+03
+9.463124e+03	+7.451948e+03	+7.544676e+03
+9.445287e+03	+7.378619e+03	+7.487209e+03
+8.560630e+03	+6.306250e+03	+8.169793e+03
+8.554896e+03	+6.254690e+03	+8.241045e+03
+8.544390e+03	+6.231085e+03	+8.221893e+03
+9.240308e+03	+7.073394e+03	+8.945317e+03
+9.227373e+03	+7.009841e+03	+8.992809e+03
+9.193919e+03	+7.025614e+03	+9.030451e+03
+1.010581e+04	+7.841651e+03	+9.665288e+03
+1.008136e+04	+7.798841e+03	+9.690983e+03
+1.001857e+04	+7.807783e+03	+9.676459e+03
+1.201392e+04	+5.375655e+03	+8.243705e+03
+1.203450e+04	+5.355115e+03	+8.305042e+03
+1.200129e+04	+5.348692e+03	+8.285198e+03
+1.265055e+04	+5.733231e+03	+9.029345e+03
+1.265491e+04	+5.680905e+03	+9.059250e+03
+1.259138e+04	+5.689997e+03	+9.056767e+03
+1.059592e+04	+8.504573e+03	+1.062874e+04
+1.059614e+04	+8.457089e+03	+1.070134e+04
+1.059098e+04	+8.445423e+03	+1.070664e+04
+8.849037e+03	+7.341836e+03	+1.010857e+04
+8.834822e+03	+7.301709e+03	+1.021321e+04
+8.771869e+03	+7.294459e+03	+1.011691e+04
+8.039583e+03	+1.131686e+04	+2.108428e+03
+8.082859e+03	+1.132477e+04	+2.089053e+03
+8.114158e+03	+1.133046e+04	+2.135763e+03
+6.846010e+03	+1.180070e+04	+1.951786e+03
+6.819850e+03	+1.177909e+04	+1.940669e+03
+6.763186e+03	+1.175846e+04	+1.960786e+03
+8.461321e+03	+1.147930e+04	+2.797194e+03
+8.518906e+03	+1.146340e+04	+2.709664e+03
+8.544726e+03	+1.146835e+04	+2.734204e+03
+7.366917e+03	+1.151142e+04	+2.529502e+03
+7.317619e+03	+1.157237e+04	+2.559244e+03
+7.285174e+03	+1.155047e+04	+2.473827e+03
+6.339789e+03	+9.562819e+03	+2.192907e+03
+6.315104e+03	+9.605189e+03	+2.184951e+03
+6.243593e+03	+9.614605e+03	+2.164078e+03
+7.003106e+03	+8.903756e+03	+2.126871e+03
+7.060955e+03	+8.852810e+03	+2.101881e+03
+7.092663e+03	+8.848187e+03	+2.109468e+03
+6.266276e+03	+8.854472e+03	+2.976186e+03
+6.253956e+03	+8.896239e+03	+3.011596e+03
+6.201853e+03	+8.887457e+03	+2.936607e+03
+7.336316e+03	+7.992581e+03	+3.046690e+03
+7.343956e+03	+7.963675e+03	+3.049008e+03
+7.376181e+03	+7.950416e+03	+3.031785e+03
+6.045353e+03	+8.500071e+03	+4.516316e+03
+6.038551e+03	+8.500922e+03	+4.569441e+03
+6.078023e+03	+8.466905e+03	+4.546008e+03
+4.642023e+03	+9.538439e+03	+4.283675e+03
+4.578850e+03	+9.562340e+03	+4.307251e+03
+4.556085e+03	+9.568503e+03	+4.334279e+03
+4.114419e+03	+5.634371e+03	+1.588153e+03
+4.084507e+03	+5.647627e+03	+1.531433e+03
+4.109518e+03	+5.720173e+03	+1.560375e+03
+5.322811e+03	+4.909561e+03	+1.650061e+03
+5.354276e+03	+4.863668e+03	+1.573060e+03
+5.415917e+03	+4.881679e+03	+1.639169e+03
+6.954386e+03	+7.162500e+03	+2.217995e+03
+6.979652e+03	+7.176592e+03	+2.241741e+03
+7.030394e+03	+7.156641e+03	+2.269139e+03
+7.689581e+03	+6.627652e+03	+1.651812e+03
+7.710699e+03	+6.583922e+03	+1.694939e+03
+7.730778e+03	+6.582646e+03	+1.691058e+03
+9.502656e+03	+7.798187e+03	+3.460456e+03
+9.532928e+03	+7.762901e+03	+3.443533e+03
+9.559440e+03	+7.729703e+03	+3.448330e+03
+8.465039e+03	+8.781202e+03	+3.463989e+03
+8.446450e+03	+8.806198e+03	+3.472944e+03
+8.391250e+03	+8.833526e+03	+3.471943e+03
+7.031805e+03	+9.637910e+03	+3.030030e+03
+7.075330e+03	+9.652550e+03	+3.133750e+03
+7.110457e+03	+9.626986e+03	+3.174084e+03
+6.145218e+03	+1.066599e+04	+2.619853e+03
+6.098002e+03	+1.065372e+04	+2.621449e+03
+6.017538e+03	+1.066553e+04	+2.587824e+03
+7.170203e+03	+6.770001e+03	+5.146430e+03
+7.163023e+03	+6.749278e+03	+5.085142e+03
+7.215056e+03	+6.748198e+03	+5.122449e+03
+6.344548e+03	+7.436039e+03	+5.324699e+03
+6.311886e+03	+7.466577e+03	+5.362285e+03
+6.251370e+03	+7.494945e+03	+5.291856e+03
+1.135833e+04	+3.994017e+03	+4.686004e+03
+1.140459e+04	+4.036017e+03	+4.680107e+03
+1.139612e+04	+4.108324e+03	+4.614755e+03
+1.044945e+04	+2.815251e+03	+4.955966e+03
+1.043224e+04	+2.759692e+03	+5.011465e+03
+1.039407e+04	+2.764212e+03	+5.071912e+03
+6.192925e+03	+7.213928e+03	+6.236374e+03
+6.156175e+03	+7.161532e+03	+6.266217e+03
+6.145969e+03	+7.107404e+03	+6.201890e+03
+6.886617e+03	+8.241929e+03	+6.237445e+03
+6.923166e+03	+8.277665e+03	+6.266607e+03
+6.947877e+03	+8.318943e+03	+6.289837e+03
+9.893174e+03	+5.934462e+03	+9.635420e+02
+9.940120e+03	+5.988543e+03	+9.959419e+02
+9.970589e+03	+5.973782e+03	+1.038051e+03
+9.324080e+03	+4.811768e+03	+1.153495e+03
+9.317349e+03	+4.792146e+03	+1.141086e+03
+9.323973e+03	+4.746942e+03	+1.269608e+03
+5.119409e+03	+9.176336e+03	+2.698658e+03
+5.131780e+03	+9.155398e+03	+2.593455e+03
+5.123104e+03	+9.148656e+03	+2.609194e+03
+6.013643e+03	+1.021780e+04	+2.887891e+03
+6.038993e+03	+1.024384e+04	+2.884556e+03
+6.004670e+03	+1.029113e+04	+2.892611e+03
+7.654587e+03	+6.883626e+03	+5.942983e+03
+7.619230e+03	+6.850479e+03	+5.920345e+03
+7.610490e+03	+6.841523e+03	+5.880427e+03
+8.113854e+03	+7.688553e+03	+6.170428e+03
+8.151962e+03	+7.700143e+03	+6.169551e+03
+8.201405e+03	+7.730837e+03	+6.191311e+03
+7.939965e+03	+6.203205e+03	+2.625809e+03
+7.927739e+03	+6.173043e+03	+2.594526e+03
+7.886526e+03	+6.146393e+03	+2.547653e+03
+8.665746e+03	+7.107241e+03	+2.562841e+03
+8.687106e+03	+7.169775e+03	+2.589936e+03
+8.683793e+03	+7.168277e+03	+2.584136e+03
+5.242538e+03	+1.040554e+04	+2.791051e+03
+5.263010e+03	+1.044217e+04	+2.832228e+03
+5.300111e+03	+1.042300e+04	+2.865800e+03
+4.417451e+03	+9.033246e+03	+2.721219e+03
+4.418309e+03	+9.017435e+03	+2.655845e+03
+4.428626e+03	+8.957304e+03	+2.741614e+03
+5.758137e+03	+8.742691e+03	+6.637458e+03
+5.781531e+03	+8.760529e+03	+6.668025e+03
+5.823739e+03	+8.781945e+03	+6.696202e+03
+5.006519e+03	+7.615350e+03	+6.352301e+03
+4.950453e+03	+7.578020e+03	+6.345331e+03
+4.952365e+03	+7.542627e+03	+6.328774e+03
+6.447951e+03	+8.372717e+03	+7.001371e+03
+6.449388e+03	+8.387562e+03	+7.022380e+03
+6.465658e+03	+8.389990e+03	+6.990980e+03
+5.536063e+03	+7.409508e+03	+6.749445e+03
+5.505303e+03	+7.361998e+03	+6.713031e+03
+5.481514e+03	+7.342117e+03	+6.684060e+03
+9.162682e+03	+5.943912e+03	+2.219172e+03
+9.147287e+03	+5.925083e+03	+2.161708e+03
+9.168132e+03	+5.843946e+03	+2.248165e+03
+9.857649e+03	+7.144398e+03	+2.211271e+03
+9.894162e+03	+7.189572e+03	+2.235835e+03
+9.921148e+03	+7.195049e+03	+2.259028e+03
+1.083502e+04	+4.445186e+03	+6.330111e+03
+1.082725e+04	+4.466198e+03	+6.400090e+03
+1.085494e+04	+4.503747e+03	+6.274332e+03
+1.015891e+04	+3.340702e+03	+6.026629e+03
+1.011221e+04	+3.304425e+03	+6.077283e+03
+1.006410e+04	+3.313219e+03	+6.061380e+03
+9.520207e+03	+4.560827e+03	+6.871964e+03
+9.475916e+03	+4.529399e+03	+6.907617e+03
+9.409063e+03	+4.567581e+03	+6.820551e+03
+1.021455e+04	+5.459874e+03	+6.789218e+03
+1.024613e+04	+5.445913e+03	+6.814069e+03
+1.023239e+04	+5.504267e+03	+6.737340e+03
+9.562327e+03	+6.091123e+03	+6.457920e+03
+9.555908e+03	+6.110428e+03	+6.467783e+03
+9.558622e+03	+6.141398e+03	+6.315313e+03
+8.665387e+03	+5.174442e+03	+6.596627e+03
+8.639124e+03	+5.107005e+03	+6.671301e+03
+8.607858e+03	+5.108270e+03	+6.659427e+03
+4.461368e+03	+9.365195e+03	+5.948666e+03
+4.423290e+03	+9.335786e+03	+5.995595e+03
+4.479635e+03	+9.305309e+03	+5.966243e+03
+5.428749e+03	+1.053438e+04	+6.109173e+03
+5.433718e+03	+1.055364e+04	+6.165834e+03
+5.510365e+03	+1.051776e+04	+6.114790e+03
+1.189622e+04	+4.628237e+03	+1.962888e+03
+1.191155e+04	+4.675049e+03	+1.938075e+03
+1.192085e+04	+4.688536e+03	+1.980249e+03
+1.137499e+04	+3.621553e+03	+1.883568e+03
+1.133641e+04	+3.607606e+03	+1.708657e+03
+1.133205e+04	+3.586648e+03	+1.824888e+03
+7.400182e+03	+5.851556e+03	+7.180310e+03
+7.383309e+03	+5.777233e+03	+7.193837e+03
+7.334911e+03	+5.785479e+03	+7.162214e+03
+8.256555e+03	+6.879271e+03	+7.343610e+03
+8.270035e+03	+6.880017e+03	+7.341146e+03
+8.303150e+03	+6.929404e+03	+7.331918e+03
+6.381675e+03	+7.003321e+03	+1.657742e+03
+6.387892e+03	+6.986134e+03	+1.650103e+03
+6.345759e+03	+6.959357e+03	+1.644985e+03
+7.576378e+03	+7.802702e+03	+1.927215e+03
+7.603350e+03	+7.848223e+03	+1.879343e+03
+7.638246e+03	+7.865327e+03	+2.039966e+03
+8.756087e+03	+3.615572e+03	+3.058964e+03
+8.699183e+03	+3.608701e+03	+3.029664e+03
+8.662437e+03	+3.550457e+03	+2.974543e+03
+9.728047e+03	+4.782647e+03	+3.150919e+03
+9.779480e+03	+4.816370e+03	+3.085424e+03
+9.813656e+03	+4.857079e+03	+3.055784e+03
+1.051798e+04	+5.601758e+03	+1.268798e+03
+1.055032e+04	+5.682527e+03	+1.302005e+03
+1.051243e+04	+5.738318e+03	+1.327397e+03
+9.714997e+03	+4.382548e+03	+1.374766e+03
+9.715412e+03	+4.391070e+03	+1.367810e+03
+9.680065e+03	+4.351811e+03	+1.446481e+03
+6.555531e+03	+7.423703e+03	+5.976050e+03
+6.572770e+03	+7.443642e+03	+5.972597e+03
+6.591199e+03	+7.497833e+03	+6.004505e+03
+5.931355e+03	+6.623642e+03	+5.646783e+03
+5.882680e+03	+6.579600e+03	+5.564517e+03
+5.888577e+03	+6.549583e+03	+5.530615e+03
+1.168153e+04	+6.582286e+03	+2.605460e+03
+1.167833e+04	+6.655215e+03	+2.584539e+03
+1.173644e+04	+6.642466e+03	+2.600593e+03
+1.090603e+04	+5.488176e+03	+2.092243e+03
+1.088226e+04	+5.501051e+03	+2.111387e+03
+1.088916e+04	+5.439154e+03	+2.183829e+03
+9.027772e+03	+5.352717e+03	+2.823821e+03
+9.008550e+03	+5.286379e+03	+2.784185e+03
+8.973282e+03	+5.308742e+03	+2.778778e+03
+9.812010e+03	+6.045975e+03	+3.236902e+03
+9.819402e+03	+6.097052e+03	+3.237760e+03
+9.854697e+03	+6.119792e+03	+3.250824e+03
+1.021937e+04	+5.318009e+03	+6.262304e+03
+1.024525e+04	+5.335568e+03	+6.276456e+03
+1.028301e+04	+5.344063e+03	+6.230355e+03
+1.143554e+04	+6.204680e+03	+6.305104e+03
+1.147214e+04	+6.243611e+03	+6.294157e+03
+1.147089e+04	+6.233256e+03	+6.342580e+03
+7.322083e+03	+8.646163e+03	+4.895163e+03
+7.323779e+03	+8.703053e+03	+4.909192e+03
+7.325079e+03	+8.729072e+03	+4.945263e+03
+6.787875e+03	+7.892029e+03	+4.417173e+03
+6.785345e+03	+7.889089e+03	+4.402322e+03
+6.752537e+03	+7.844198e+03	+4.387280e+03
+7.790318e+03	+7.536085e+03	+1.893525e+03
+7.828980e+03	+7.506233e+03	+1.827196e+03
+7.769150e+03	+7.475780e+03	+1.886745e+03
+8.689482e+03	+8.339630e+03	+2.040605e+03
+8.769622e+03	+8.380898e+03	+2.064496e+03
+8.804665e+03	+8.397369e+03	+1.991553e+03
+1.016677e+04	+4.734919e+03	+7.696765e+03
+1.014619e+04	+4.689969e+03	+7.773131e+03
+1.011110e+04	+4.626790e+03	+7.657203e+03
+1.095718e+04	+5.745996e+03	+8.036326e+03
+1.096825e+04	+5.765040e+03	+8.053174e+03
+1.097633e+04	+5.826103e+03	+8.062103e+03
+8.547536e+03	+7.337762e+03	+3.888112e+03
+8.579752e+03	+7.385996e+03	+3.916700e+03
+8.625390e+03	+7.381896e+03	+3.797682e+03
+7.900252e+03	+6.908754e+03	+3.513782e+03
+7.864693e+03	+6.883437e+03	+3.516318e+03
+7.862290e+03	+6.861404e+03	+3.494793e+03
+5.294683e+03	+9.833258e+03	+7.175996e+03
+5.331202e+03	+9.843588e+03	+7.156242e+03
+5.364394e+03	+9.891243e+03	+7.186974e+03
+4.280622e+03	+8.900081e+03	+6.873703e+03
+4.246721e+03	+8.848829e+03	+6.956771e+03
+4.232103e+03	+8.846589e+03	+6.925492e+03
+5.219254e+03	+9.392298e+03	+8.193700e+03
+5.282275e+03	+9.366746e+03	+8.249101e+03
+5.269419e+03	+9.425362e+03	+8.212417e+03
+4.568133e+03	+8.483833e+03	+7.883066e+03
+4.598740e+03	+8.435622e+03	+7.973895e+03
+4.578016e+03	+8.421888e+03	+7.882190e+03
+7.506685e+03	+5.486775e+03	+5.918801e+03
+7.448160e+03	+5.460843e+03	+5.883908e+03
+7.459710e+03	+5.414758e+03	+5.891197e+03
+8.290433e+03	+6.049520e+03	+6.355134e+03
+8.313780e+03	+6.061211e+03	+6.380976e+03
+8.316859e+03	+6.106148e+03	+6.405992e+03
+7.494793e+03	+5.847820e+03	+7.246243e+03
+7.489743e+03	+5.858072e+03	+7.302956e+03
+7.497566e+03	+5.918514e+03	+7.305500e+03
+6.549218e+03	+4.844290e+03	+6.787855e+03
+6.531355e+03	+4.779342e+03	+6.770276e+03
+6.501228e+03	+4.760773e+03	+6.750720e+03
+6.912311e+03	+6.450124e+03	+6.937449e+03
+6.912864e+03	+6.476322e+03	+6.922958e+03
+6.966304e+03	+6.499477e+03	+6.980320e+03
+5.978056e+03	+5.760457e+03	+6.293725e+03
+5.962360e+03	+5.682205e+03	+6.232899e+03
+5.922716e+03	+5.715708e+03	+6.136249e+03
+1.192730e+04	+5.169588e+03	+5.272980e+03
+1.194528e+04	+5.223097e+03	+5.297195e+03
+1.195307e+04	+5.234218e+03	+5.349855e+03
+1.137837e+04	+4.170034e+03	+5.040243e+03
+1.134622e+04	+4.154480e+03	+5.044505e+03
+1.130127e+04	+4.135409e+03	+5.084064e+03
+6.634996e+03	+9.755259e+03	+2.908964e+03
+6.639791e+03	+9.841120e+03	+2.912865e+03
+6.657500e+03	+9.827723e+03	+2.945809e+03
+6.344984e+03	+8.833277e+03	+2.449643e+03
+6.325954e+03	+8.809257e+03	+2.405244e+03
+6.370765e+03	+8.757371e+03	+2.454369e+03
+1.171523e+04	+5.707468e+03	+2.936571e+03
+1.173772e+04	+5.763721e+03	+2.923730e+03
+1.174937e+04	+5.802932e+03	+2.921697e+03
+1.089138e+04	+4.760266e+03	+2.790363e+03
+1.085470e+04	+4.774450e+03	+2.682995e+03
+1.083542e+04	+4.696976e+03	+2.738172e+03
+7.771810e+03	+9.884966e+03	+3.089008e+03
+7.807098e+03	+9.942035e+03	+3.088110e+03
+7.846612e+03	+9.950594e+03	+3.155790e+03
+7.223186e+03	+9.129226e+03	+2.565817e+03
+7.171125e+03	+9.125789e+03	+2.536094e+03
+7.139237e+03	+9.078221e+03	+2.569011e+03
+5.589651e+03	+7.374740e+03	+8.515991e+03
+5.550363e+03	+7.314868e+03	+8.563804e+03
+5.484038e+03	+7.325853e+03	+8.523842e+03
+6.469785e+03	+8.011330e+03	+8.852322e+03
+6.508122e+03	+7.994253e+03	+8.864303e+03
+6.540058e+03	+8.007037e+03	+8.885779e+03
+1.059356e+04	+7.012632e+03	+6.758715e+03
+1.062231e+04	+7.064576e+03	+6.817401e+03
+1.063342e+04	+7.087901e+03	+6.808008e+03
+9.798408e+03	+6.233275e+03	+6.690191e+03
+9.781576e+03	+6.207406e+03	+6.671431e+03
+9.772153e+03	+6.170915e+03	+6.684579e+03
+9.216618e+03	+7.461752e+03	+7.501130e+03
+9.233889e+03	+7.472787e+03	+7.502329e+03
+9.263819e+03	+7.525029e+03	+7.502729e+03
+8.687710e+03	+6.269018e+03	+7.455832e+03
+8.651725e+03	+6.247754e+03	+7.449572e+03
+8.619773e+03	+6.235406e+03	+7.424527e+03
+9.399902e+03	+4.873055e+03	+6.255955e+03
+9.357776e+03	+4.833480e+03	+6.238894e+03
+9.339083e+03	+4.809149e+03	+6.255209e+03
+9.428737e+03	+3.230546e+03	+6.949112e+03
+9.396791e+03	+3.204175e+03	+6.935908e+03
+9.351545e+03	+3.192170e+03	+6.903409e+03
+8.252333e+03	+4.998114e+03	+8.027656e+03
+8.259963e+03	+4.936769e+03	+8.029815e+03
+8.210301e+03	+4.944398e+03	+8.003325e+03
+9.190251e+03	+6.035049e+03	+8.438318e+03
+9.232826e+03	+6.047874e+03	+8.540874e+03
+9.229458e+03	+6.102635e+03	+8.550771e+03
+6.942186e+03	+7.816083e+03	+2.473262e+03
+6.915270e+03	+7.787835e+03	+2.333627e+03
+6.931976e+03	+7.747444e+03	+2.365117e+03
+7.450616e+03	+8.574006e+03	+2.518393e+03
+7.434625e+03	+8.587998e+03	+2.528153e+03
+7.465779e+03	+8.600531e+03	+2.544492e+03
+1.126459e+04	+6.331762e+03	+4.312167e+03
+1.129205e+04	+6.378717e+03	+4.363096e+03
+1.130497e+04	+6.404191e+03	+4.385395e+03
+1.077421e+04	+5.634083e+03	+3.992200e+03
+1.076028e+04	+5.623457e+03	+3.942565e+03
+1.074890e+04	+5.580446e+03	+3.912921e+03
+6.778345e+03	+2.746422e+03	+2.933808e+03
+6.760181e+03	+2.771812e+03	+2.897313e+03
+6.743141e+03	+2.760912e+03	+2.860513e+03
+7.663306e+03	+2.583321e+03	+2.196262e+03
+7.727837e+03	+2.564642e+03	+2.166259e+03
+7.732552e+03	+2.606705e+03	+2.226113e+03
+6.032793e+03	+3.599579e+03	+3.497922e+03
+6.066796e+03	+3.602593e+03	+3.518517e+03
+6.099234e+03	+3.581515e+03	+3.593703e+03
+4.998375e+03	+3.443577e+03	+3.310429e+03
+4.968577e+03	+3.428198e+03	+3.286001e+03
+4.929700e+03	+3.451768e+03	+3.293613e+03
+5.833132e+03	+3.912441e+03	+4.910222e+03
+5.790116e+03	+3.891325e+03	+4.919472e+03
+5.775536e+03	+3.871171e+03	+5.016468e+03
+7.139400e+03	+4.114722e+03	+5.395451e+03
+7.157740e+03	+4.119025e+03	+5.447477e+03
+7.195822e+03	+4.086179e+03	+5.438168e+03
+5.465008e+03	+9.919560e+03	+3.754071e+03
+5.427364e+03	+9.940711e+03	+3.704901e+03
+5.416024e+03	+9.859379e+03	+3.763380e+03
+6.404428e+03	+1.015671e+04	+3.884440e+03
+6.448691e+03	+1.018293e+04	+3.875940e+03
+6.494568e+03	+1.012796e+04	+3.863924e+03
+6.708900e+03	+3.739931e+03	+6.289774e+03
+6.697904e+03	+3.695215e+03	+6.348483e+03
+6.707925e+03	+3.743608e+03	+6.290827e+03
+7.460801e+03	+4.612329e+03	+6.464158e+03
+7.465742e+03	+4.640109e+03	+6.548312e+03
+7.498416e+03	+4.664817e+03	+6.486259e+03
+5.416581e+03	+6.132358e+03	+7.579767e+03
+5.430370e+03	+6.102374e+03	+7.624294e+03
+5.474405e+03	+6.156078e+03	+7.591907e+03
+4.496037e+03	+5.726543e+03	+7.043105e+03
+4.419373e+03	+5.660521e+03	+7.079090e+03
+4.425798e+03	+5.678412e+03	+7.009101e+03
+3.636232e+03	+3.852632e+03	+5.462035e+03
+3.585065e+03	+3.847700e+03	+5.483335e+03
+3.557469e+03	+3.878482e+03	+5.402708e+03
+4.866072e+03	+4.598254e+03	+6.170357e+03
+4.819339e+03	+4.607170e+03	+6.229550e+03
+4.772024e+03	+4.613266e+03	+6.124412e+03
+4.036142e+03	+8.191672e+03	+2.884528e+03
+4.027841e+03	+8.165150e+03	+2.887063e+03
+3.993958e+03	+8.112744e+03	+2.876993e+03
+5.642048e+03	+8.623748e+03	+2.853052e+03
+5.631041e+03	+8.596075e+03	+2.794881e+03
+5.583363e+03	+8.589037e+03	+2.895330e+03
+6.114656e+03	+4.957404e+03	+6.543341e+03
+6.128926e+03	+4.959856e+03	+6.664972e+03
+6.170915e+03	+4.987385e+03	+6.658095e+03
+5.122995e+03	+4.118620e+03	+6.023203e+03
+5.135919e+03	+4.070572e+03	+6.082919e+03
+5.171039e+03	+4.083962e+03	+6.011077e+03
+8.418634e+03	+5.572782e+03	+2.086591e+03
+8.500696e+03	+5.606054e+03	+2.004186e+03
+8.504582e+03	+5.597486e+03	+2.097752e+03
+6.869726e+03	+5.467311e+03	+2.533903e+03
+6.852938e+03	+5.510529e+03	+2.544793e+03
+6.818362e+03	+5.484300e+03	+2.492893e+03
+4.838807e+03	+3.858346e+03	+2.123134e+03
+4.825082e+03	+3.883481e+03	+2.027344e+03
+4.790833e+03	+3.901295e+03	+2.129333e+03
+6.141748e+03	+3.987968e+03	+1.938459e+03
+6.189343e+03	+4.014890e+03	+1.885373e+03
+6.213909e+03	+4.007750e+03	+1.876266e+03
+8.229688e+03	+3.722894e+03	+2.786676e+03
+8.283491e+03	+3.770505e+03	+2.728248e+03
+8.299915e+03	+3.807230e+03	+2.727570e+03
+7.333856e+03	+3.196821e+03	+2.562445e+03
+7.307337e+03	+3.204502e+03	+2.478409e+03
+7.278220e+03	+3.184497e+03	+2.500729e+03
+5.617040e+03	+4.647674e+03	+3.471864e+03
+5.602474e+03	+4.635221e+03	+3.486625e+03
+5.635987e+03	+4.589123e+03	+3.523213e+03
+6.245423e+03	+5.570968e+03	+3.154256e+03
+6.285209e+03	+5.589817e+03	+3.100941e+03
+6.319601e+03	+5.633819e+03	+3.110100e+03
+5.941198e+03	+6.013509e+03	+3.923381e+03
+5.927269e+03	+6.038922e+03	+3.947398e+03
+5.963367e+03	+6.086750e+03	+3.929215e+03
+5.484711e+03	+5.245614e+03	+4.600358e+03
+5.472909e+03	+5.258360e+03	+4.663995e+03
+5.453252e+03	+5.238485e+03	+4.727134e+03
+6.208311e+03	+4.279303e+03	+3.814447e+03
+6.214046e+03	+4.264295e+03	+3.850351e+03
+6.155853e+03	+4.293069e+03	+3.904355e+03
+6.781004e+03	+4.836992e+03	+3.230321e+03
+6.802096e+03	+4.848214e+03	+3.162574e+03
+6.684023e+03	+4.936451e+03	+3.279382e+03
+6.929521e+03	+7.652127e+03	+4.650800e+03
+6.917733e+03	+7.618130e+03	+4.644778e+03
+6.894149e+03	+7.601541e+03	+4.657026e+03
+7.517470e+03	+8.274151e+03	+4.414808e+03
+7.555985e+03	+8.307413e+03	+4.353135e+03
+7.565221e+03	+8.351051e+03	+4.352904e+03
+4.228563e+03	+4.515690e+03	+3.064127e+03
+4.248796e+03	+4.520274e+03	+3.106321e+03
+4.228405e+03	+4.488016e+03	+3.167440e+03
+4.755064e+03	+5.328473e+03	+2.362421e+03
+4.741150e+03	+5.384983e+03	+2.352603e+03
+4.784791e+03	+5.347494e+03	+2.309745e+03
+4.574515e+03	+9.374794e+03	+6.050852e+03
+4.582919e+03	+9.399441e+03	+6.075251e+03
+4.573337e+03	+9.384153e+03	+5.931832e+03
+3.740667e+03	+8.607960e+03	+6.155945e+03
+3.687781e+03	+8.598622e+03	+6.207990e+03
+3.743075e+03	+8.521634e+03	+6.178048e+03
+5.246405e+03	+6.286026e+03	+3.084765e+03
+5.249282e+03	+6.284164e+03	+3.168276e+03
+5.247115e+03	+6.257401e+03	+3.131178e+03
+5.843063e+03	+7.111446e+03	+2.593096e+03
+5.883325e+03	+7.121778e+03	+2.560427e+03
+5.959921e+03	+7.084366e+03	+2.497146e+03
+1.044998e+04	+6.209621e+03	+6.436779e+03
+1.046392e+04	+6.222668e+03	+6.457685e+03
+1.046765e+04	+6.250917e+03	+6.516023e+03
+1.089379e+04	+7.023702e+03	+6.635134e+03
+1.088520e+04	+7.080136e+03	+6.663553e+03
+1.088583e+04	+7.069142e+03	+6.608564e+03
+9.296441e+03	+6.092687e+03	+5.156487e+03
+9.266373e+03	+6.130500e+03	+5.010825e+03
+9.296443e+03	+6.152086e+03	+5.071224e+03
+8.662352e+03	+5.182128e+03	+5.389204e+03
+8.645235e+03	+5.144533e+03	+5.413165e+03
+8.636905e+03	+5.157605e+03	+5.516497e+03
+8.567358e+03	+6.028092e+03	+7.232444e+03
+8.556934e+03	+6.021845e+03	+7.235215e+03
+8.650402e+03	+6.030841e+03	+7.143997e+03
+8.110033e+03	+5.250527e+03	+7.830098e+03
+8.073656e+03	+5.195291e+03	+7.918541e+03
+8.055699e+03	+5.182052e+03	+7.871230e+03
+5.125385e+03	+8.106650e+03	+2.122953e+03
+5.185241e+03	+8.127636e+03	+1.984018e+03
+5.215506e+03	+8.129569e+03	+2.077784e+03
+4.464715e+03	+7.386241e+03	+2.453904e+03
+4.455759e+03	+7.374950e+03	+2.433678e+03
+4.449524e+03	+7.348784e+03	+2.524321e+03
+5.712127e+03	+7.901600e+03	+2.486825e+03
+5.792080e+03	+7.903814e+03	+2.494983e+03
+5.803639e+03	+7.926032e+03	+2.432202e+03
+5.054540e+03	+7.214927e+03	+2.673478e+03
+5.069200e+03	+7.209426e+03	+2.700016e+03
+5.025025e+03	+7.213570e+03	+2.741386e+03
+5.279344e+03	+8.588819e+03	+3.847762e+03
+5.319241e+03	+8.622191e+03	+3.816615e+03
+5.337953e+03	+8.636374e+03	+3.743303e+03
+4.497600e+03	+8.029412e+03	+4.073520e+03
+4.461122e+03	+8.071427e+03	+4.100267e+03
+4.489034e+03	+7.996676e+03	+4.048437e+03
+7.404695e+03	+6.937089e+03	+3.168026e+03
+7.432914e+03	+6.975568e+03	+3.112846e+03
+7.419096e+03	+6.979460e+03	+3.039038e+03
+6.991824e+03	+6.243369e+03	+3.796142e+03
+6.992106e+03	+6.237758e+03	+3.741775e+03
+6.971913e+03	+6.208246e+03	+3.756863e+03
+7.830685e+03	+6.773487e+03	+4.389780e+03
+7.908493e+03	+6.793687e+03	+4.353456e+03
+7.925549e+03	+6.790990e+03	+4.362671e+03
+7.249928e+03	+5.921481e+03	+4.946907e+03
+7.254569e+03	+5.869698e+03	+4.881947e+03
+7.223645e+03	+5.866963e+03	+4.896779e+03
+7.948261e+03	+4.011075e+03	+2.575737e+03
+7.967541e+03	+4.028252e+03	+2.538812e+03
+8.010826e+03	+4.023329e+03	+2.545903e+03
+7.416743e+03	+3.290869e+03	+3.389125e+03
+7.432997e+03	+3.252600e+03	+3.431699e+03
+7.407936e+03	+3.282536e+03	+3.450393e+03
+8.862109e+03	+3.458927e+03	+3.507316e+03
+8.957372e+03	+3.401141e+03	+3.439741e+03
+8.825106e+03	+3.383969e+03	+3.490191e+03
+9.113583e+03	+4.487895e+03	+4.074617e+03
+9.068366e+03	+4.520678e+03	+4.080942e+03
+9.095009e+03	+4.557279e+03	+4.017346e+03
+1.010079e+04	+6.158641e+03	+3.592555e+03
+1.014025e+04	+6.210524e+03	+3.546204e+03
+1.010215e+04	+6.242802e+03	+3.519997e+03
+9.472110e+03	+5.069233e+03	+4.182845e+03
+9.491941e+03	+5.035502e+03	+4.162757e+03
+9.478120e+03	+5.024539e+03	+4.150895e+03
+8.454746e+03	+3.715271e+03	+4.874967e+03
+8.422339e+03	+3.737109e+03	+4.909427e+03
+8.410233e+03	+3.689909e+03	+4.978347e+03
+1.045163e+04	+4.307717e+03	+5.049803e+03
+1.044769e+04	+4.249354e+03	+5.195013e+03
+1.041437e+04	+4.277487e+03	+5.053527e+03
+9.119205e+03	+8.778229e+03	+5.345378e+03
+9.125824e+03	+8.830146e+03	+5.296730e+03
+9.156662e+03	+8.829377e+03	+5.273851e+03
+8.606720e+03	+7.910553e+03	+6.069566e+03
+8.557949e+03	+7.900096e+03	+6.085391e+03
+8.572093e+03	+7.870183e+03	+6.113711e+03
+6.136100e+03	+7.561440e+03	+7.778576e+03
+6.063179e+03	+7.542767e+03	+7.831061e+03
+6.074203e+03	+7.548700e+03	+7.863269e+03
+4.155871e+03	+7.163647e+03	+7.141452e+03
+4.079623e+03	+7.120681e+03	+7.106599e+03
+4.079288e+03	+7.097116e+03	+7.106423e+03
+5.471630e+03	+5.774125e+03	+5.507425e+03
+5.429801e+03	+5.820421e+03	+5.603317e+03
+5.433111e+03	+5.852671e+03	+5.587182e+03
+5.080556e+03	+5.152521e+03	+5.932209e+03
+5.093386e+03	+5.118159e+03	+6.058939e+03
+5.079099e+03	+5.105669e+03	+6.031124e+03
+1.022977e+04	+4.825343e+03	+7.879955e+03
+1.021369e+04	+4.767258e+03	+7.914728e+03
+1.019264e+04	+4.811827e+03	+7.957929e+03
+1.071245e+04	+5.543660e+03	+7.348968e+03
+1.066538e+04	+5.510168e+03	+7.396580e+03
+1.066840e+04	+5.502324e+03	+7.355749e+03
+5.334866e+03	+5.638825e+03	+1.749883e+03
+5.381386e+03	+5.661875e+03	+1.673935e+03
+5.377385e+03	+5.705120e+03	+1.720261e+03
+4.872119e+03	+4.744700e+03	+2.168528e+03
+4.861062e+03	+4.716170e+03	+2.116161e+03
+4.827748e+03	+4.717444e+03	+2.189778e+03
+6.108385e+03	+9.737022e+03	+7.215692e+03
+6.048312e+03	+9.699921e+03	+7.208175e+03
+6.037034e+03	+9.674139e+03	+7.194322e+03
+4.606216e+03	+8.065550e+03	+6.862323e+03
+4.576515e+03	+8.056216e+03	+6.862343e+03
+4.654305e+03	+8.080727e+03	+6.808567e+03
